ascii
116
109
32
97
98
117
103
110
101
102
101
116
32
32
117
105
121
101
97
121
105
117
112
99
111
101
115
105
114
32
116
105
102
99
105
101
117
114
99
32
32
103
105
103
32
32
121
116
104
100
32
99
32
114
102
101
32
108
117
97
32
105
117
101
121
111
32
105
117
32
112
115
32
101
102
100
97
98
110
108
121
115
97
111
121
116
97
103
118
104
115
99
112
101
101
110
32
117
116
111
115
115
112
115
110
116
110
114
111
105
116
97
117
99
101
108
115
114
111
32
111
121
111
32
111
32
116
97
108
32
111
117
116
32
101
32
104
116
32
111
103
97
32
110
101
110
114
108
101
103
97
115
101
117
97
101
121
32
101
111
121
99
103
32
97
107
32
115
115
32
108
115
115
101
32
105
116
106
108
113
105
115
105
115
115
115
103
116
117
32
101
117
101
32
110
115
110
121
103
99
32
101
117
32
101
115
108
32
117
117
115
97
111
102
115
101
114
32
110
112
100
105
115
46
101
97
32
112
115
46
120
105
101
112
115
97
46
116
102
32
116
97
102
116
108
112
113
32
121
108
115
119
117
108
97
105
108
100
109
115
97
101
111
32
100
104
121
105
111
115
108
102
114
111
116
101
114
99
121
121
117
108
32
105
116
32
97
100
115
32
108
32
101
101
116
115
100
106
103
117
101
117
115
98
108
97
32
117
97
108
103
101
100
110
101
102
108
97
111
32
117
114
108
97
101
32
97
108
108
117
32
115
99
32
108
108
108
101
111
114
110
115
116
111
108
110
114
110
32
116
101
117
111
107
111
46
99
105
115
111
107
115
105
99
32
32
112
32
116
105
101
32
114
121
32
117
32
111
115
32
115
102
111
97
114
108
111
101
115
116
101
32
117
112
105
105
108
108
115
102
108
115
115
105
111
110
108
32
32
32
32
97
112
98
116
32
97
97
98
110
99
110
108
99
115
99
114
115
105
115
115
111
97
105
112
101
32
114
104
117
101
121
97
115
121
114
105
102
108
101
111
111
119
111
116
108
110
32
32
102
101
32
116
32
105
115
105
117
118
100
116
110
121
32
105
101
116
121
101
108
101
101
103
32
105
104
113
112
99
32
100
32
108
106
108
112
99
98
32
108
32
105
114
108
115
117
32
32
97
101
111
121
32
115
32
116
105
101
101
121
101
101
101
108
97
121
121
107
117
108
111
101
108
101
102
104
119
99
98
117
117
98
101
32
108
32
105
99
108
97
112
105
99
111
101
97
32
116
114
98
108
111
101
32
115
110
121
101
97
108
103
32
121
116
32
105
103
114
115
101
111
115
32
117
97
101
100
111
114
105
32
32
115
116
115
108
32
112
110
116
104
114
115
102
105
117
32
102
117
102
116
121
32
108
102
107
114
32
101
105
115
104
121
110
101
114
100
110
116
111
119
99
101
108
110
32
32
115
117
97
97
116
103
97
105
32
98
97
105
101
111
32
97
108
102
102
111
115
108
117
101
101
101
114
111
32
117
103
121
117
116
121
32
105
105
32
97
121
116
101
46
121
99
117
105
32
99
116
97
114
117
115
101
105
108
108
115
115
105
116
32
114
97
32
121
32
117
108
32
112
99
114
99
116
102
120
121
116
110
97
101
108
100
99
32
114
46
97
117
108
115
107
99
105
114
111
112
114
121
98
117
32
97
101
121
112
101
100
115
110
97
115
115
108
97
112
121
117
32
111
108
117
115
104
32
115
108
32
103
101
105
113
111
115
116
108
101
99
97
115
117
117
115
101
108
115
100
110
101
32
105
102
32
105
32
110
97
32
32
100
108
99
114
115
101
32
121
105
117
101
111
115
111
117
101
97
117
115
32
110
108
115
107
104
115
121
99
115
46
101
99
114
102
115
111
63
101
101
32
103
102
107
110
102
101
32
101
111
44
116
97
97
108
110
121
113
116
101
101
99
114
111
104
104
114
97
110
115
97
99
108
108
105
108
98
110
101
101
115
101
101
115
112
102
110
32
101
116
115
110
97
97
114
114
99
116
121
110
32
101
114
114
121
112
105
97
105
101
114
117
32
97
32
105
120
101
97
32
110
101
116
110
105
101
32
108
115
101
112
100
115
121
100
100
110
114
116
110
117
101
105
115
107
111
46
97
121
109
108
117
102
110
97
102
32
32
32
115
121
101
114
121
117
116
104
115
108
97
108
112
121
105
117
109
105
111
46
105
101
32
108
110
108
97
116
105
110
116
101
104
114
32
121
63
108
100
112
110
110
32
