bit_length
160
288
328
224
296
344
336
232
296
264
200
344
288
296
136
96
328
176
288
232
232
144
176
296
280
88
272
248
288
296
232
192
144
80
312
304
200
264
128
160
216
224
200
96
80
264
224
88
328
280
296
144
240
168
320
152
288
344
320
256
168
288
104
144
168
200
88
184
304
144
240
184
112
248
88
248
288
192
192
136
240
280
80
144
152
240
256
240
80
176
208
240
128
96
304
296
112
192
336
128
312
80
88
112
176
240
264
208
144
80
136
240
320
136
104
248
304
80
96
88
344
224
304
248
216
120
304
168
136
168
112
256
320
192
328
248
128
88
224
192
128
248
264
224
80
272
152
256
248
176
224
216
192
88
336
160
344
224
336
312
216
184
248
248
344
80
264
80
136
320
328
248
104
120
104
272
344
320
288
344
88
288
336
224
328
256
240
256
224
176
120
344
184
280
224
232
320
240
88
256
296
136
264
128
328
224
232
304
128
320
328
320
256
128
104
240
232
256
224
288
192
88
272
248
344
304
152
336
120
216
224
104
344
200
96
288
272
328
160
136
136
112
168
272
152
120
192
280
256
264
88
296
336
192
232
128
128
184
312
136
160
168
144
232
168
336
184
248
232
336
232
168
344
224
96
296
176
224
320
88
248
200
112
88
288
256
112
80
272
336
224
216
272
96
272
240
184
336
264
232
176
320
248
184
128
256
272
168
304
296
200
136
96
160
312
200
200
112
112
112
240
336
216
112
336
248
88
304
160
344
176
256
312
240
336
80
256
120
296
88
336
328
264
152
120
312
320
200
128
320
160
152
216
192
104
152
128
264
88
240
120
112
176
88
304
168
184
184
192
248
232
216
208
168
112
256
344
96
80
208
96
168
232
216
168
296
112
176
216
344
288
80
112
112
256
304
312
184
288
168
320
144
328
176
344
320
80
152
280
160
136
168
272
168
264
272
136
152
240
96
168
304
200
192
312
264
304
272
216
192
88
152
256
328
176
336
272
344
184
192
264
248
328
168
96
224
88
216
176
224
88
200
320
160
208
152
144
296
256
288
120
136
200
128
152
96
328
320
264
112
80
248
320
88
120
224
160
328
200
232
280
320
312
296
176
224
304
208
240
152
120
152
192
152
232
280
224
232
312
248
232
296
216
216
104
320
128
136
336
216
248
88
272
128
248
112
312
192
168
328
304
216
224
240
312
176
312
280
344
232
344
288
232
104
256
184
312
104
192
200
104
264
344
224
96
80
216
208
192
176
120
256
264
248
96
336
160
80
312
176
224
176
96
160
184
216
104
312
152
264
320
312
104
200
304
248
128
88
344
240
296
280
168
112
136
224
272
168
248
336
80
240
336
120
320
128
128
328
304
248
128
192
96
336
104
112
144
136
240
256
344
104
168
208
224
272
96
216
272
256
264
296
80
232
280
304
120
168
184
168
112
184
224
88
88
272
80
192
184
304
120
200
192
176
328
160
312
304
192
112
240
264
320
80
88
216
224
136
184
216
304
264
112
304
128
144
320
296
344
200
176
208
88
208
96
192
192
88
152
328
256
208
144
216
104
328
248
104
120
256
104
272
296
280
184
240
104
320
288
208
200
152
248
144
224
336
96
128
136
296
320
232
312
168
288
240
88
80
176
88
144
320
264
144
144
176
112
312
256
328
120
112
96
232
200
344
336
152
272
312
232
328
264
120
160
128
80
240
192
144
280
216
224
112
264
128
280
112
240
152
136
160
224
232
80
160
312
112
208
112
120
200
184
160
120
304
296
192
184
216
264
264
144
136
272
152
216
232
264
304
208
264
216
288
200
312
192
120
168
208
216
232
272
152
216
120
272
120
320
272
344
312
152
240
128
96
184
328
128
184
288
240
344
224
280
224
80
216
296
296
304
128
208
112
88
312
312
344
112
192
80
320
216
176
128
336
96
328
280
232
248
208
120
216
304
112
216
336
240
288
96
328
88
184
248
344
160
320
128
128
160
208
328
232
144
80
240
248
256
232
144
288
216
176
104
264
296
136
144
160
280
224
280
344
152
232
240
176
168
320
152
264
216
248
120
80
288
304
216
288
240
344
192
240
96
104
232
280
96
128
120
184
144
344
176
256
312
288
208
144
232
184
320
96
240
264
312
280
80
232
176
128
344
120
136
336
88
80
200
224
96
112
80
168
336
272
104
96
96
208
288
344
104
264
248
296
192
192
184
88
288
128
312
96
232
144
256
88
272
104
336
304
104
216
224
112
152
104
344
320
216
328
144
280
120
192
200
112
344
96
