char_length
33
12
36
37
43
21
17
33
25
30
18
31
39
23
23
27
32
10
38
12
25
34
30
16
37
41
39
41
34
10
18
20
12
14
25
22
20
34
41
42
13
26
28
40
36
27
27
23
37
43
22
10
24
13
27
34
19
30
33
37
11
33
24
28
43
11
23
29
39
37
27
42
14
17
23
17
35
32
10
27
23
18
37
17
14
27
20
29
11
35
13
12
23
28
23
38
22
13
34
28
40
14
38
21
42
17
19
33
19
42
34
11
37
19
32
43
30
15
36
10
14
34
29
20
19
33
40
42
43
43
26
13
29
24
23
14
22
43
15
30
18
30
25
10
38
22
20
32
31
42
20
21
40
30
22
10
25
14
15
41
26
36
30
33
31
18
22
39
16
38
35
31
27
16
38
26
14
18
25
41
22
31
31
33
20
39
21
37
12
31
40
25
14
29
26
35
25
40
21
13
28
16
21
36
25
18
17
43
14
14
31
21
31
30
24
18
13
23
32
40
29
31
27
12
26
27
36
28
15
39
24
17
34
34
42
10
20
38
30
18
17
32
17
11
42
23
21
31
29
13
38
20
11
40
25
10
26
28
40
15
39
33
14
20
33
15
38
37
17
42
32
22
34
34
20
43
16
34
24
39
27
17
31
34
24
12
39
13
24
15
41
39
10
32
21
21
21
25
35
42
28
14
31
23
15
43
40
23
36
21
17
41
19
41
27
29
30
19
11
33
36
31
14
23
26
41
36
28
22
20
39
16
31
37
36
15
33
33
22
30
14
28
10
10
33
19
35
20
13
20
18
20
28
43
22
40
21
17
35
41
11
13
40
29
36
32
26
35
28
41
33
39
32
39
25
23
26
40
39
10
20
26
34
28
11
12
18
29
34
37
10
23
38
21
26
34
10
15
27
11
32
11
19
39
42
33
22
38
37
23
26
30
25
18
30
40
39
30
22
26
25
18
13
12
30
14
28
38
35
22
15
12
32
29
13
16
12
14
11
21
20
37
29
19
27
18
12
34
37
39
29
43
31
14
20
39
21
10
22
28
31
28
36
39
15
20
29
21
30
40
34
33
31
23
29
41
11
38
36
36
36
28
21
38
15
41
24
27
17
35
34
37
13
35
33
38
40
38
10
43
14
37
31
15
30
23
24
22
31
14
30
14
16
25
35
43
12
41
25
35
28
18
37
39
26
29
16
35
37
33
20
22
21
26
10
34
13
36
25
40
41
31
15
36
27
10
28
28
29
31
13
40
14
11
19
22
41
42
14
25
14
24
40
20
23
13
26
24
25
41
40
41
12
19
14
14
20
28
14
38
19
39
31
21
11
37
16
25
30
35
43
38
20
35
29
16
34
35
22
29
33
18
40
27
28
26
41
14
20
38
28
12
20
13
40
37
14
36
39
26
43
37
41
35
23
15
10
35
10
43
34
42
11
43
19
24
43
40
28
29
25
43
26
24
41
43
28
21
16
39
41
28
13
10
28
37
42
40
22
12
13
20
17
21
30
41
17
29
39
12
32
40
28
34
34
31
33
32
28
13
34
40
34
33
19
28
36
30
43
39
27
21
17
33
42
42
18
18
40
26
11
14
40
15
38
36
19
20
32
40
42
10
22
11
24
27
31
12
18
23
25
23
35
40
21
36
26
28
21
28
38
26
30
13
23
24
40
18
16
42
36
19
26
31
35
23
17
43
14
15
26
15
34
35
10
25
34
10
38
21
29
39
22
15
32
20
42
34
35
42
28
24
34
38
10
31
41
36
42
15
19
14
37
27
13
21
19
22
34
14
30
27
10
38
10
23
28
36
33
31
33
11
21
32
43
34
14
38
24
40
20
35
42
10
24
21
21
30
25
18
24
41
18
31
25
10
29
35
25
20
42
33
41
15
11
23
28
20
41
30
26
32
36
30
19
14
15
18
11
20
34
14
14
42
21
15
16
41
30
35
13
34
21
25
30
26
32
16
25
10
14
23
34
33
18
31
11
39
23
16
17
25
33
28
38
26
31
18
35
17
14
21
32
18
10
32
14
39
12
38
23
27
29
10
42
38
40
33
31
33
11
33
24
25
41
34
11
14
39
12
43
16
13
28
25
43
36
31
36
31
30
11
17
37
28
12
31
25
35
36
29
33
32
28
16
12
27
26
30
34
34
32
17
27
30
37
13
14
33
25
28
13
31
39
10
30
40
22
15
21
13
33
28
27
32
34
35
28
27
33
10
43
37
22
12
42
21
15
23
16
43
33
30
13
41
18
15
37
14
27
