length
28
31
27
43
20
42
26
27
30
43
22
32
23
34
30
38
36
36
10
41
32
34
16
17
15
32
41
10
23
34
20
37
19
28
24
32
35
23
31
41
35
42
41
43
35
16
11
10
21
43
22
32
41
33
11
35
30
34
30
29
42
11
23
38
33
20
27
16
12
36
25
36
30
37
39
13
22
14
42
36
20
26
25
16
39
39
32
34
19
31
22
24
27
17
22
42
33
28
23
29
13
13
17
37
16
19
37
11
20
21
12
31
22
39
33
21
29
11
15
28
42
21
42
37
34
37
10
12
23
32
30
21
22
43
42
19
43
10
29
20
20
34
13
23
36
13
14
33
28
11
31
31
24
41
38
19
26
30
40
31
18
39
39
32
24
15
36
25
39
12
41
26
39
31
42
29
19
36
28
30
28
28
39
33
16
16
36
14
41
26
40
13
28
11
39
41
12
31
11
37
32
22
20
17
41
14
18
16
39
30
24
13
26
41
25
16
34
35
19
25
12
27
36
18
36
32
25
43
27
43
29
43
10
42
38
14
38
32
36
18
18
15
43
30
38
43
10
21
27
30
22
36
33
15
32
36
21
19
31
33
30
22
13
33
27
35
33
10
17
39
19
43
25
37
29
30
27
43
37
10
31
33
42
12
41
21
33
19
26
11
27
33
31
39
13
29
20
14
27
34
16
31
27
21
25
21
16
22
40
10
38
39
43
21
22
37
30
29
30
33
26
19
35
14
42
11
25
19
41
29
31
22
16
24
23
39
32
30
29
20
12
28
34
36
28
37
17
37
10
11
29
36
41
25
37
30
43
23
36
19
41
12
33
19
35
26
21
14
37
21
22
34
11
17
41
39
21
40
28
24
19
25
10
29
35
39
27
27
12
33
37
10
14
24
38
30
27
23
33
20
24
18
33
43
18
37
41
22
18
27
21
40
33
12
33
27
28
37
37
26
19
33
26
14
43
20
15
20
23
38
38
12
19
28
27
39
12
40
10
27
39
23
42
22
24
28
16
28
43
37
13
25
39
39
28
34
17
11
19
33
30
29
31
17
41
32
10
40
12
29
22
27
33
26
11
42
32
15
18
17
36
17
41
27
21
18
28
23
31
11
12
21
13
18
32
40
36
23
29
40
43
14
35
38
26
24
27
13
30
16
42
37
30
16
36
22
17
41
22
19
33
14
38
20
12
23
33
37
35
16
30
15
24
31
43
18
34
22
21
20
27
12
42
39
27
34
27
17
36
19
10
23
11
31
40
15
30
35
43
38
27
25
42
28
24
20
41
15
38
17
20
15
39
31
27
27
20
30
16
19
14
34
30
29
30
15
23
23
35
34
38
11
41
33
21
23
34
15
32
38
11
36
20
19
39
25
26
15
30
11
18
43
21
22
43
16
19
42
18
20
30
38
15
19
32
28
38
20
34
26
39
24
35
42
34
35
13
42
14
16
30
14
15
22
25
14
18
37
34
33
20
28
19
28
21
23
43
37
10
28
37
39
20
18
24
14
36
23
24
43
11
36
20
39
39
36
35
43
36
13
17
22
29
14
32
11
22
26
12
35
30
29
24
33
18
26
20
10
29
37
36
25
16
15
20
22
24
22
13
18
18
13
26
23
16
25
27
21
31
34
41
31
38
24
15
29
11
27
18
43
39
12
20
26
19
39
13
37
15
32
23
28
17
28
33
33
12
10
22
23
12
40
31
21
41
36
10
33
42
24
26
17
34
23
43
40
10
20
12
35
40
26
15
39
42
14
10
31
20
21
29
40
35
40
38
38
43
20
37
28
30
37
15
39
19
36
11
27
43
34
14
22
33
36
23
38
19
15
30
27
15
23
32
37
25
39
26
31
19
35
28
19
18
10
41
13
15
40
18
20
30
24
39
40
35
39
34
42
41
26
30
30
11
39
36
19
38
22
11
41
27
40
35
20
23
39
33
12
30
30
33
19
28
27
28
39
36
21
19
19
26
30
11
41
10
40
34
25
26
14
12
15
34
34
40
28
20
37
26
33
33
13
34
31
14
34
10
24
17
20
42
27
12
34
22
41
42
21
30
23
26
36
40
17
22
36
37
14
25
36
35
11
35
20
26
30
24
26
16
28
28
26
28
37
40
33
25
36
16
36
39
36
11
35
20
29
12
11
13
32
27
13
19
32
28
37
21
32
21
20
13
33
10
26
24
33
28
12
27
40
16
14
22
39
28
16
27
27
11
26
15
21
32
10
35
41
43
18
39
15
17
20
32
16
10
10
38
35
30
36
