octet_length
30
37
34
38
29
31
30
40
22
15
31
39
43
22
24
32
17
22
41
13
24
18
17
11
11
37
24
43
41
31
41
34
19
21
17
22
26
15
32
18
23
25
27
28
12
20
38
38
32
26
40
13
16
24
23
16
16
23
30
19
43
22
36
41
19
30
35
34
20
17
10
37
20
16
22
16
15
34
43
36
18
31
15
37
15
11
35
21
37
23
24
25
40
42
37
14
24
23
40
13
21
36
14
16
43
18
40
15
40
38
42
35
38
40
16
21
26
33
32
20
24
34
21
31
36
32
38
14
36
28
34
11
35
32
33
12
35
41
22
42
11
23
17
25
15
27
27
33
18
20
27
22
11
40
24
33
33
19
40
10
32
28
27
13
12
42
14
11
25
37
21
13
18
22
39
22
12
40
35
31
33
16
38
34
22
24
18
42
14
43
35
15
13
41
17
26
28
24
43
14
20
23
26
14
31
33
26
41
41
39
11
31
32
15
23
33
12
40
29
43
13
15
36
32
27
33
15
17
21
23
21
25
12
40
23
18
28
42
11
19
18
43
43
13
21
37
26
42
17
14
30
39
40
14
39
41
20
27
23
26
28
28
12
14
31
13
38
40
15
22
30
12
43
40
43
38
32
14
12
23
42
26
11
22
38
30
35
29
43
34
41
42
16
31
25
13
21
25
29
43
34
18
19
43
17
37
11
27
11
22
15
23
39
12
39
41
13
37
35
25
28
18
39
15
39
34
17
23
35
26
41
30
22
10
24
18
37
28
21
25
20
35
27
18
24
17
41
43
32
27
18
22
39
13
11
40
25
13
31
36
21
14
14
31
22
39
23
22
39
29
30
42
31
30
28
43
31
22
31
29
40
39
38
26
13
41
27
29
10
33
18
12
13
40
30
32
21
30
29
22
42
10
25
16
20
32
35
18
30
11
37
26
33
39
11
14
14
22
21
30
12
15
36
16
42
13
31
17
35
26
12
22
14
39
10
26
41
15
40
30
26
21
27
34
23
12
27
38
25
10
32
37
22
38
26
18
24
25
36
13
25
26
42
34
12
24
15
13
25
30
23
25
32
36
24
40
35
26
16
34
13
16
19
11
17
30
31
32
14
16
14
27
42
14
27
15
27
28
35
26
40
10
23
17
37
27
42
27
29
42
28
33
37
34
12
35
37
13
29
39
19
19
20
39
15
13
21
29
10
35
24
13
12
21
26
13
21
37
34
21
36
38
34
10
25
43
10
21
26
24
18
21
26
29
22
27
35
32
14
31
28
38
37
15
26
34
16
20
41
39
17
40
12
23
30
23
37
11
18
20
22
18
21
19
27
23
12
10
34
12
15
14
35
27
25
30
20
26
17
41
26
30
42
16
14
34
36
25
42
28
11
43
32
22
20
13
12
15
18
21
39
38
15
36
40
34
17
27
21
27
25
41
13
18
40
42
15
38
32
27
26
21
30
25
15
31
21
22
15
16
38
39
16
17
11
35
34
17
15
20
10
16
43
36
18
16
19
26
32
13
18
33
23
11
40
20
19
29
18
10
18
38
37
26
24
36
32
38
11
31
21
11
41
13
29
43
40
11
17
20
42
32
17
25
27
40
19
40
30
24
25
17
31
34
26
31
32
14
26
23
10
41
15
23
11
18
29
25
42
13
38
42
36
15
29
36
35
40
30
21
20
35
25
17
13
14
34
42
11
24
11
24
24
36
41
23
36
40
10
38
38
43
18
21
12
26
40
31
19
37
33
29
25
24
13
41
15
13
29
20
14
14
21
29
39
40
21
16
26
35
21
19
41
17
27
23
12
11
14
11
36
14
14
43
17
41
13
33
35
12
37
42
26
33
34
18
20
21
13
32
33
43
41
35
16
29
32
43
21
31
35
21
14
28
41
21
11
32
16
13
23
14
37
17
43
22
32
11
29
18
29
34
30
24
39
31
39
16
20
15
28
22
15
10
33
26
43
27
38
39
26
14
21
16
27
14
17
29
42
41
41
31
29
34
13
27
18
14
43
21
23
37
33
38
14
33
11
28
25
26
40
25
25
29
33
39
24
21
10
16
37
36
22
15
42
15
32
39
13
13
36
27
23
43
29
43
19
10
22
38
41
29
30
36
18
15
31
43
43
29
37
12
10
15
42
29
10
18
12
32
19
42
24
13
26
42
14
23
21
34
40
15
29
22
24
11
31
23
39
36
25
13
40
12
11
12
18
29
30
12
15
19
39
39
30
20
37
24
35
12
29
35
20
33
11
28
15
11
38
35
