position
0
0
0
0
0
0
0
6
0
0
0
0
0
0
0
0
0
0
0
0
0
0
10
8
9
10
0
0
2
0
8
7
1
9
0
0
0
0
0
0
0
0
0
30
0
12
0
11
0
0
0
9
0
0
13
0
0
0
0
0
0
0
0
0
17
0
0
0
0
7
0
0
19
0
18
0
0
7
14
0
0
0
1
0
11
0
0
11
0
0
0
0
28
0
0
0
7
20
12
0
0
2
0
7
12
0
0
0
0
0
0
0
0
0
2
0
0
0
0
0
0
0
0
0
20
0
0
0
0
3
0
16
0
0
14
0
0
31
4
0
0
0
0
0
0
0
0
0
0
0
0
0
0
0
21
1
0
25
0
11
9
0
0
0
0
0
0
0
30
0
0
0
0
6
1
28
6
0
0
0
0
0
0
11
0
0
0
36
10
1
0
0
0
0
25
0
0
0
22
0
0
17
23
0
0
0
0
3
2
15
0
32
4
0
26
7
0
28
0
0
5
0
0
0
22
0
0
15
0
0
0
0
0
26
11
0
0
0
25
0
0
0
1
7
27
19
22
6
0
0
0
19
7
0
0
0
0
0
13
0
19
0
4
4
0
0
0
0
0
0
0
0
0
0
26
0
7
0
0
34
1
0
0
0
11
0
0
0
14
0
0
0
12
0
0
0
14
18
31
0
0
4
0
5
28
0
0
10
4
0
0
3
0
0
27
0
0
5
0
0
5
0
0
0
0
0
7
0
0
0
0
18
0
0
0
0
0
2
0
0
0
0
0
4
22
26
15
0
0
0
0
0
17
3
0
0
0
28
0
0
0
15
0
0
0
0
0
0
0
0
0
0
34
0
0
0
0
0
5
0
16
0
5
18
0
0
0
0
0
3
10
3
4
2
33
0
0
0
0
0
0
0
0
0
14
0
21
0
0
0
0
0
15
0
17
0
8
5
13
7
0
0
0
0
0
0
13
5
17
1
5
30
32
0
0
18
0
0
0
0
0
20
1
0
0
0
27
0
0
15
0
0
10
0
17
3
2
0
0
0
0
0
0
0
0
0
0
7
0
0
0
13
0
23
0
12
0
0
0
11
0
0
34
5
0
0
16
11
0
0
18
3
0
0
36
0
0
0
15
7
0
0
19
0
0
0
10
0
0
7
0
0
30
18
6
0
0
0
0
0
17
0
0
0
0
32
0
3
0
0
0
0
0
0
25
0
0
21
8
0
0
4
0
0
7
4
0
33
4
0
16
0
0
0
9
4
0
0
0
4
0
0
0
9
0
0
23
0
0
0
7
5
0
0
18
0
0
0
0
8
0
0
0
22
0
0
16
0
0
0
17
0
0
0
0
3
0
0
19
0
19
0
0
3
5
0
22
0
11
0
0
0
13
0
0
0
0
12
0
20
0
10
0
0
0
0
0
2
24
0
7
0
21
13
0
24
0
0
0
25
0
0
0
0
0
17
0
0
28
1
0
0
0
4
24
5
0
0
0
0
3
12
7
0
21
9
0
3
2
0
1
4
0
7
13
8
0
0
0
8
0
0
0
0
0
0
0
0
0
0
0
0
0
0
14
0
0
20
0
0
28
36
0
16
2
0
0
0
5
0
0
0
31
0
0
0
0
4
16
0
0
0
4
0
0
0
0
0
0
0
23
0
0
0
0
33
0
0
0
0
12
0
0
0
0
0
17
0
0
7
0
0
26
0
27
0
0
0
0
6
8
16
0
0
2
0
3
4
0
28
0
1
0
9
0
0
4
0
0
0
2
18
16
16
0
0
0
0
6
15
0
5
0
0
22
0
0
16
12
0
0
0
0
32
0
0
32
0
1
4
0
0
0
0
24
0
22
0
10
0
0
0
0
5
3
0
0
0
0
15
6
0
0
6
0
0
0
0
0
0
35
0
0
19
0
0
0
0
0
24
20
0
0
0
4
21
27
0
0
0
32
0
0
0
0
0
7
0
3
0
0
0
0
0
6
0
17
0
3
0
0
0
0
11
0
0
0
22
0
20
19
0
0
3
0
0
3
0
0
0
19
1
0
8
0
0
0
24
0
0
0
0
0
30
0
0
0
32
0
15
29
0
28
0
0
0
0
0
0
2
0
13
0
24
3
0
20
22
11
18
0
16
10
0
22
27
0
0
20
19
20
0
0
2
0
0
7
0
0
0
0
0
5
27
0
19
0
0
0
0
0
2
29
0
0
0
0
0
0
0
0
0
0
18
0
0
0
0
2
0
0
0
5
0
16
0
10
0
1
0
