strpos
7
3
0
39
0
0
0
0
0
0
0
22
0
11
0
4
0
0
0
0
0
16
10
14
14
15
0
10
1
0
0
0
0
12
0
4
1
0
22
0
2
0
0
0
0
20
2
0
10
0
6
0
1
0
0
3
12
0
0
0
1
18
0
8
0
29
0
3
20
0
7
0
0
16
22
0
0
0
0
21
0
3
5
0
20
0
0
0
20
0
0
4
30
0
0
0
0
0
19
19
0
18
0
0
0
0
0
0
0
0
6
0
28
0
0
0
3
0
0
0
0
21
6
0
0
0
32
0
0
6
0
29
14
0
0
0
12
0
0
0
0
20
0
2
0
0
3
5
0
18
4
0
0
0
0
27
0
0
0
0
0
4
0
8
15
0
0
0
0
10
0
10
0
0
0
0
10
0
0
0
0
0
0
18
31
1
0
0
0
0
7
0
0
0
15
14
12
0
0
0
0
0
0
0
16
14
14
0
0
20
33
0
0
12
0
13
4
0
0
0
2
0
29
0
0
0
28
0
0
0
0
0
1
16
0
0
32
0
0
0
0
7
0
13
41
0
0
0
2
6
3
0
24
0
21
0
0
12
0
0
0
3
0
0
0
0
6
0
0
0
3
0
0
7
0
11
2
19
0
10
0
0
0
0
19
27
0
26
27
0
14
10
18
0
0
20
4
0
0
4
0
15
0
0
0
0
0
0
0
0
0
0
0
2
13
28
0
0
11
0
0
5
0
0
0
0
17
28
0
22
0
0
0
20
0
0
8
0
0
0
0
9
0
0
0
13
0
29
0
0
0
0
10
16
0
0
1
0
0
0
0
0
0
0
0
8
0
0
14
16
0
16
0
14
11
0
0
0
0
0
3
0
0
0
0
0
0
0
10
0
29
0
0
0
0
9
0
0
16
0
12
0
0
24
0
0
1
0
0
0
0
21
0
0
10
0
0
0
0
0
0
0
10
0
0
0
0
0
0
0
0
27
0
0
28
9
0
0
0
0
0
0
0
0
0
1
0
0
16
0
24
0
0
0
5
0
7
18
0
2
34
20
6
0
0
0
30
0
7
17
25
0
16
0
0
0
15
0
0
16
0
6
0
0
8
0
0
27
28
6
7
2
5
0
4
0
0
0
6
2
0
0
8
0
14
0
0
0
10
0
0
2
0
0
0
2
0
0
14
0
0
3
0
0
0
0
18
0
0
17
0
0
0
0
3
0
8
15
0
18
33
0
0
27
0
15
0
0
0
10
0
0
0
0
0
15
19
5
0
0
21
0
10
6
0
0
5
3
0
0
0
0
0
0
0
0
0
0
0
5
0
7
0
0
0
0
0
3
0
0
20
0
13
0
0
3
0
0
0
0
9
31
0
8
0
0
9
0
0
0
8
14
0
12
0
25
0
0
0
0
0
0
0
18
0
0
0
27
0
0
0
18
0
0
0
0
20
0
0
0
0
25
0
20
0
0
0
10
0
0
0
0
3
0
0
7
0
0
5
0
20
0
0
0
0
4
13
20
0
32
28
7
0
17
0
0
25
27
0
0
0
0
15
3
0
0
0
19
0
0
0
0
0
0
0
0
0
0
0
2
0
20
0
0
0
0
0
0
0
0
9
0
0
0
8
0
0
0
0
0
0
0
0
25
1
10
0
22
0
0
0
1
0
0
0
0
4
0
1
0
0
0
0
0
8
0
7
0
0
0
0
0
0
6
9
17
6
0
0
0
0
0
0
0
0
0
4
0
0
0
0
0
0
10
0
0
0
15
0
18
0
18
0
0
0
0
26
0
0
0
0
21
0
0
2
0
0
0
20
5
0
0
0
0
0
0
13
0
0
0
0
0
1
0
0
0
0
24
0
0
0
10
3
0
0
0
0
0
5
0
9
0
4
11
0
0
0
0
0
0
0
0
0
2
0
0
20
0
3
0
0
0
0
0
0
0
0
0
0
0
4
0
0
0
3
0
0
0
5
0
14
2
0
0
0
7
0
9
0
0
0
0
0
0
2
3
0
0
2
15
14
0
0
0
22
32
0
0
0
0
0
0
28
0
12
0
0
0
34
0
8
0
8
0
0
0
6
0
0
29
1
0
0
0
0
0
30
8
0
14
0
26
20
0
0
34
16
26
0
0
2
11
0
0
0
28
0
0
0
0
0
0
0
9
0
1
14
0
0
0
0
17
31
9
0
7
0
0
0
0
17
0
0
6
0
4
9
5
12
0
0
0
2
0
6
0
0
0
0
6
4
3
12
0
29
0
0
0
26
0
