to_char
   45198.53
   32266.34
   16500.77
   42641.32
   26546.00
   74592.10
   26144.80
   38582.18
   51500.40
   16311.40
   18779.04
    6907.35
    4336.35
   10048.08
   14438.64
   79703.89
   37692.00
   50270.84
   10850.40
   31494.29
   33159.00
   12630.60
   12748.48
   22123.29
    1902.02
   48488.40
   51810.30
   58060.50
    5261.13
   48720.32
   20358.72
   28351.62
   13598.42
   73717.30
   52888.36
   40640.60
   83361.60
   28042.98
   80837.60
   55483.80
   73032.80
   62059.50
   34995.65
   74322.68
   50078.16
   81217.84
   35184.77
   71960.76
   62517.16
   65491.68
   54061.75
    1365.42
   24829.74
   39021.40
   81301.44
   29259.54
   20447.14
   34840.96
   21877.10
   49716.80
   18513.17
   57519.09
   56554.96
   27181.35
   22858.90
   24002.44
    9873.60
   54428.36
   14693.85
    3096.92
   13333.23
   45537.86
   66771.72
   27448.20
   98634.06
   38172.87
   38886.75
   80228.25
   31445.92
   12829.32
   52772.18
   11610.90
   10684.94
   23353.66
   45234.84
   68812.66
   45477.36
   42554.89
   62970.75
   19568.02
   34528.96
   28086.52
   17638.50
   24592.86
   10385.84
    1383.42
   28088.00
   27000.16
   94296.00
    6896.40
   49322.79
   18917.58
    5057.36
   62429.40
   70893.81
   26774.07
   44587.68
   11134.62
   74391.20
   29931.98
   63033.96
   35035.56
   22700.88
   18722.85
   11627.10
   23468.61
   36002.16
   63494.64
    1975.99
    8104.48
   27749.61
   24761.56
   13946.31
   35824.28
    3319.32
   89619.60
   44219.44
   16847.46
   11162.97
   59546.70
   48455.28
    5117.00
   41847.39
   25929.75
   69425.65
   25917.15
   48335.40
    7732.25
   68335.67
    7127.50
   20103.90
   31583.68
    4552.44
   15815.92
    7066.95
   14796.60
   29549.92
   52564.05
    7882.49
   85689.24
   96763.68
   46443.20
   55495.60
   85384.50
   13958.48
   70662.15
   39221.20
   15506.64
   40442.48
   31950.56
   40098.24
   32792.48
   53777.24
   58584.32
   83198.64
    1929.84
   35163.72
    3465.75
   53540.52
   65338.01
   45769.31
   66955.02
   72030.00
   11711.52
   15946.84
   42955.92
   13728.52
   49099.47
   28280.17
   73992.68
   14523.74
   47329.92
   42015.82
   35610.33
   37227.11
   63826.32
   11540.90
   44740.15
   10162.20
    3755.80
   14665.43
    7111.68
   49539.06
   65908.80
   13309.04
    6574.36
   14775.45
   84362.13
   32770.54
    3275.20
   55672.42
    3237.36
   12005.64
   24334.70
    4953.04
   48127.50
   78756.40
   19125.04
   19468.60
   22954.32
   11659.36
   30143.61
   82590.72
   46297.98
   54151.72
   61797.33
    3581.64
    5829.80
   68626.49
   64684.44
   21302.08
   46733.12
    9680.40
   38077.92
   14170.86
   95402.51
   25826.50
   48839.61
   45819.50
    1815.91
   16263.36
   24644.40
   54701.46
   43633.59
   31344.10
   18079.32
    2586.52
   44659.88
    3873.76
   70381.52
   21068.84
   39092.87
   16056.70
   25369.44
    5029.80
   10705.92
    5732.73
   57791.18
   17467.80
   16785.76
   22340.45
   21525.84
   87317.54
   14684.31
   14205.44
   42363.24
   47922.16
    4243.14
   17727.08
   92020.36
   31658.76
   37326.74
   62632.29
   69766.01
   51076.80
   43343.50
   47856.32
   62742.76
   45767.10
   38256.30
   62942.26
   71608.26
   29305.38
    1854.95
   37243.04
   58156.00
    2780.90
   66925.23
   42702.81
    8584.88
   24621.80
   53174.72
   20485.62
   53668.50
   46870.86
   44738.79
    4948.65
   48840.48
   55355.65
    3432.27
   23281.20
   70867.68
   14939.73
   63514.44
   42475.68
   37251.27
    9910.50
   42793.00
   51396.61
    6131.45
   40659.00
   53398.02
   40556.07
   47900.19
   52298.26
   13073.40
   33108.00
   56002.00
   15639.12
    5441.20
   21905.85
   14805.90
   41762.38
   42731.24
   14215.86
   80489.42
   41147.54
   45168.95
   43390.80
    4516.12
   35564.20
   14194.18
   62696.01
   30323.70
   40849.48
   36914.92
   89996.85
   44715.30
   25327.50
   40497.86
   79410.60
   58576.24
   24801.84
   15800.85
   64157.76
   24244.80
   50924.21
   21667.35
   41148.50
    5360.30
   52405.79
   76779.20
   34034.50
   59590.86
   53367.48
   50959.80
   52334.00
    8674.75
   39536.16
   87733.36
    9919.90
   25166.10
   20539.50
   46873.32
   75078.00
   19891.36
   38312.75
   57980.77
   41705.52
   53563.72
   92262.59
   51570.40
   39376.70
   70478.85
    1791.88
   35055.40
   87891.14
   19972.48
   18089.70
   46410.84
   68540.52
   49867.22
   28785.68
   28723.50
   34194.68
   43538.08
    2318.32
   40666.23
   24551.52
   46160.54
   47752.00
   36552.96
   10020.15
   16774.81
   44767.30
   46344.75
   19439.40
   27072.99
   73114.40
   47161.98
   50798.50
   16865.68
   56903.42
   53057.76
   29330.20
   22430.73
   55514.18
   63533.16
    5400.55
   26985.92
   17836.80
   51181.20
   33208.34
   29609.80
   31257.20
   36973.64
    3335.50
   27522.07
   49819.70
   45496.64
    1072.12
   17116.38
   33658.80
   18145.82
   19500.25
   17681.52
   30273.98
   33209.66
   60667.42
   88554.24
   16915.36
    9088.80
   35938.32
   19956.96
   28829.25
   28204.55
   60912.39
    5545.24
   41216.25
   59886.84
   72400.44
   38106.75
   56178.36
   60646.40
   67522.98
   58392.60
   57384.18
   25000.64
   53094.40
   11979.22
   41025.09
   62242.93
   81319.72
   12948.72
   26105.03
   25839.36
   42932.64
   51251.34
   80466.54
   64905.20
    8601.20
   40071.12
   43133.44
   48349.28
   18792.90
   64909.02
   45843.60
   59192.10
   10220.30
   14846.28
   92458.59
   53642.55
   32118.80
   65126.88
   63519.75
   44565.66
   70679.00
   16933.36
   25126.00
   23985.60
   10901.10
   56458.29
   20331.30
   81014.84
   46478.19
   12794.67
   71852.52
   50893.78
   92337.75
   29021.04
   58844.48
   28903.00
   80075.50
   59110.90
    7503.60
    1526.50
   18167.60
   36930.14
   15635.51
   48838.41
   15062.64
   14793.30
   42500.64
    7832.24
    6181.10
   26401.20
   67777.32
   53606.70
   82972.96
   28827.26
   65139.62
    7039.40
   15233.40
   49120.83
   21523.19
   12684.40
   35594.51
    3306.42
    1315.22
   43518.66
    1721.70
   42109.78
    2660.84
   21080.00
   27097.22
   37238.30
   60449.40
    1928.08
   16910.28
   23703.20
   53050.00
   73591.20
   62848.80
   50212.47
   50405.46
   31931.40
   36635.76
   38606.05
    3126.03
   76825.26
   13846.42
   26451.15
   74456.34
   39414.00
   11572.30
   47530.40
   55098.55
   55716.92
   30080.43
   27304.62
   27098.08
   22734.01
   60082.22
   20105.67
   17012.38
   22563.00
   28057.70
   42477.78
   75024.67
   48349.20
   79180.80
   17632.29
   13757.22
   37755.72
   88836.28
   70905.34
   36837.26
   21505.68
   42097.86
   72676.00
   27107.40
    5705.28
    9880.02
   30181.68
   36367.80
   17218.10
    7792.45
   31217.13
   32770.92
    3361.24
   71656.20
   27131.85
   58435.08
   38430.45
   72069.12
   59133.60
   23076.75
   41584.32
   18564.15
   20265.36
   58821.20
   61069.45
   37623.24
   89098.65
   17120.64
   32163.00
    5700.90
    2592.64
   54907.65
   48899.16
   48148.50
   46649.60
   32000.40
   28497.04
   60222.80
    1990.06
   48681.00
    9353.12
   12662.26
   31932.05
   64116.00
    3907.98
   60989.12
   66493.35
   60107.98
   60003.90
    6370.95
   12432.20
    2226.40
   54818.55
    2868.86
   65470.40
   98486.57
   21360.79
   60324.76
   12745.80
    2568.76
    4784.04
   34667.64
    3129.10
   32021.22
   95361.12
   28040.67
    2028.00
   16090.83
   55135.23
   31873.47
   29797.68
   33732.80
   53451.00
   27277.86
   10306.71
   14211.08
   45644.10
   33540.90
    3765.87
   21272.76
    9164.25
   97312.53
   36385.25
   44322.90
   53813.20
    9180.99
    7342.25
    4260.56
   17376.48
   38454.67
   52619.76
   41342.50
   83112.55
   15583.92
   73995.57
   82470.90
   37991.04
   18227.70
    8625.05
    2310.44
   48815.04
   31300.92
   81014.37
   20499.60
   70495.46
   30131.64
    3647.52
   31202.86
    3327.42
   40506.06
   51767.72
   42667.52
   16174.08
   62494.80
   54040.80
   50812.11
   56352.45
    5405.04
   58008.00
   39220.89
   49272.44
   28109.16
    1228.22
   32623.66
   24903.84
   72770.10
   53269.02
   74123.90
   33611.97
   58491.26
   51179.49
   69429.52
   78046.82
   56605.20
   49585.92
   64647.96
   19798.24
   45822.42
   97994.06
   48358.20
   28939.82
   36533.58
   54490.08
   12161.94
   36778.40
   93546.50
   53807.49
   28965.30
   40564.18
   18512.73
   22708.14
   18962.76
   42999.66
   30273.28
   69730.92
    3913.78
    1928.89
   53836.77
   26846.70
    6534.24
   60733.64
   20489.42
    9909.50
   68399.64
   12837.78
   43724.98
   89393.50
   49721.56
   66443.37
   37637.50
   42644.58
   46738.80
   28249.92
   27914.40
   25321.12
   33031.02
   22612.35
   55649.55
   27507.40
   47550.10
   29279.50
   52519.25
   15072.16
   52793.02
    2312.50
   73160.67
    8422.90
   53199.90
    5232.92
   18918.18
   76219.50
   41513.76
   39568.32
   21276.90
   62082.24
   36820.00
   41246.82
   58812.04
   65806.88
   22163.22
   52288.17
   53726.76
   24488.52
   72385.44
   29367.54
   22861.40
   65855.01
   24035.58
   30644.28
   42205.60
   36660.96
   85625.54
    8768.32
   31403.16
   49372.00
   53322.50
   16286.10
   31317.22
   12876.56
   85266.42
   77117.92
   31171.20
   18031.65
   36685.88
   17404.74
    9843.54
    2554.44
   43669.51
   80199.20
   16066.65
   14926.96
   44909.11
   57144.00
   53912.16
    2446.34
   77733.68
   61496.14
   21535.93
    7937.70
    1118.06
   10966.62
   38315.31
   42824.96
   43352.28
   24905.92
   39596.38
   22955.52
   12557.94
   39562.50
   38006.64
   62098.00
   12586.31
   11423.76
   63406.80
   32299.02
    1634.64
   30685.46
   64865.76
   61430.80
   57045.76
   28602.15
   51499.47
   33764.80
   47264.70
   59053.95
   64249.29
   16711.80
   18641.59
   37436.75
   48837.22
   64718.64
   53700.30
    1035.05
   40162.77
   35134.20
   14478.64
    5312.43
    8985.42
    4558.80
   22880.75
    1915.95
   21727.05
   27536.86
    5365.00
   17705.27
   29683.36
    6381.15
    1128.22
   20980.89
   48689.60
    8456.88
    2086.02
   74362.58
   22029.48
   28489.74
   25038.78
   51177.56
   28541.48
    9645.48
   44110.32
   36602.72
   24676.50
   14622.24
   52562.56
    3672.75
   15446.64
   14853.30
   74054.25
   22226.96
   48357.32
   12451.11
    8215.74
   83279.60
   38315.97
   13455.13
   75030.54
   24794.46
    3360.60
   41320.08
   39973.02
   40212.04
   73111.28
   34682.25
   50172.16
   29439.75
   36808.80
   43380.00
   48348.75
   62814.24
   55300.68
   17468.64
   32828.58
   38664.12
   24712.80
   36372.24
   41164.82
   64169.46
   47964.40
    5993.80
   53694.40
   47760.30
   25744.20
   39773.79
   31469.34
   15990.75
    5994.04
   24763.48
   43856.63
   55667.15
   29354.92
   58702.68
   21428.44
   28649.88
   62197.92
   48347.60
   41480.40
   21585.14
   58519.89
   60459.64
    2490.46
   62511.36
   40681.29
   45613.68
   49264.64
   28649.97
   24231.65
   37164.72
   91032.75
   75194.42
   68663.12
   60821.45
   14454.40
   50724.45
    7002.92
   47125.32
   31360.83
   35183.09
   12199.53
   31011.40
   66579.94
   24883.20
   66595.32
    5341.60
   38412.00
   16065.50
   43886.00
   42558.82
   38265.05
   54750.96
   57715.50
   58278.63
   43757.35
    2600.54
    4124.12
   61815.00
   17264.83
   39307.50
   45452.94
   44295.47
   92046.50
   24984.00
    5742.08
   55133.43
   17789.72
    6801.95
   26094.60
   39593.52
   59084.52
   77771.28
   74669.62
   55419.11
   28663.65
   30479.20
   79749.60
   40082.00
    1862.76
   39120.69
   27440.28
   25594.24
   49297.75
   63446.93
   31350.66
   56787.84
   45777.95
   69797.91
    3505.62
   29346.07
   18773.59
   39875.30
   63645.62
   15809.69
   46375.51
   45056.77
   60499.81
   59027.10
   34620.39
   12661.77
   35134.75
   51017.12
    3699.86
   37417.80
    8333.60
   54295.68
