to_number
34475.72
32207.52
69148.56
7112.56
21407.49
38586.25
31650.40
64786.48
49150.44
23022.00
19743.09
30690.90
18750.94
7572.20
34108.02
89787.50
75228.27
58320.21
37404.42
9179.20
48530.58
54435.76
91447.54
13467.30
11750.13
65040.36
42005.34
60632.64
58009.38
59362.00
40963.26
12053.79
13635.86
13389.20
45584.88
26653.83
18702.48
57699.72
49096.50
35398.44
20524.02
24551.25
29915.58
44295.00
3943.74
65107.68
23735.27
65468.40
3661.62
44746.00
63101.64
59911.65
12468.12
38601.60
47323.98
47650.05
52468.20
78037.69
69936.98
48191.98
46776.88
49681.35
51827.04
36330.35
66988.60
30737.70
17988.10
18730.36
53849.95
5140.00
71130.68
45799.50
10198.74
13394.40
16961.16
48288.15
17627.10
19711.26
30944.54
62797.20
61296.05
51969.72
87040.50
16565.04
34559.28
7278.96
42023.04
71062.20
83383.30
42509.52
10340.00
74018.49
15407.36
81698.28
74957.28
75996.20
42060.26
45896.74
28555.58
35343.33
64910.40
60345.34
44686.88
62718.08
16326.40
40794.24
56110.50
4636.72
20841.48
35012.80
4135.08
87113.70
73289.25
79760.64
31530.92
68195.25
77775.82
16153.20
20298.75
33353.80
38199.67
20871.76
49370.10
8138.58
21800.52
24451.20
52273.26
20004.64
20007.90
69646.24
76635.24
39398.88
6426.60
6432.84
49318.90
2536.56
49356.16
84749.99
64327.68
26403.51
75841.92
21987.56
25359.45
68267.20
8613.85
93740.50
58472.55
50136.10
55462.75
22267.14
49439.04
72984.96
46647.75
26330.64
14222.64
98995.50
38902.92
26177.91
26568.72
3965.84
1804.71
62629.14
38256.66
11666.61
35145.39
33451.40
1206.27
36839.28
47937.52
25436.67
44067.53
38798.08
12262.53
53961.39
20980.60
70580.64
68311.20
44087.78
58811.20
76499.03
9880.08
84756.48
41863.02
32245.29
83603.04
77819.70
48926.95
45027.41
28539.54
84956.20
21702.23
51037.47
53746.44
17536.68
49942.53
11058.64
44545.41
1667.76
5753.40
5633.91
57776.39
52231.92
21093.96
80484.95
38090.25
22495.61
86488.50
11902.55
10422.63
43053.24
81577.35
7692.65
39863.61
44923.92
55251.20
57931.77
27046.40
39769.73
1766.73
44483.22
81777.60
22127.84
26473.16
3927.76
58891.00
60014.40
45337.25
1134.21
8576.46
79473.74
38414.97
43583.41
52060.80
17134.20
26676.78
39209.94
1234.32
72651.82
42739.81
48136.80
16917.94
58504.00
64692.10
65334.96
77693.36
6126.60
69299.00
33889.90
73164.38
30559.92
12803.30
46881.98
8824.64
38380.23
3883.84
10089.92
47211.58
50027.94
9597.78
51099.75
3060.88
74057.82
22880.66
31558.52
37625.28
25925.14
63699.24
17874.48
41082.48
32130.40
78628.83
64530.96
61728.37
27173.44
6889.44
41423.89
61751.76
58888.28
3864.87
77836.50
24978.46
39242.61
31293.90
10906.68
9939.90
21845.28
28809.00
21350.67
42383.48
19853.35
68541.84
59592.72
80917.83
1110.10
16278.93
33668.17
43894.17
1839.76
83508.19
55407.50
90200.02
52555.65
54967.38
47751.98
27780.30
16134.66
80086.02
87593.28
22291.23
35896.08
75129.60
16123.64
68386.50
22896.00
10547.20
37630.11
34629.48
6021.15
31591.79
33715.00
11974.83
17287.70
28356.09
42796.16
68904.80
37867.96
76209.16
14468.04
28911.05
41268.75
85934.00
12381.81
83748.96
60944.40
47371.25
10125.78
65269.75
24027.99
14679.34
9258.80
83072.16
26362.37
39835.95
44774.45
66468.00
39113.81
20812.05
49407.22
66193.58
32586.96
68883.32
2142.24
46423.30
57929.10
69302.44
63918.90
24164.27
55917.30
37777.06
25414.35
57505.26
7788.00
5696.58
19683.52
44622.60
38019.20
5921.84
12192.74
19804.98
17892.93
15182.52
47320.26
44522.94
28003.95
7387.40
53770.82
11619.68
60476.66
42217.34
61080.30
69136.08
73577.00
18042.36
81836.00
35750.16
62765.12
45722.62
11339.68
75222.84
14214.48
60902.40
47929.86
24827.52
53064.00
34032.00
69958.56
81182.18
43446.14
34445.03
61361.84
33755.60
31805.80
28605.07
15251.21
11044.88
77051.52
35474.40
53094.99
13544.93
65231.94
6774.78
55030.08
50952.72
57420.30
9823.80
28316.22
53078.40
43382.95
68472.69
73593.08
62145.60
10637.22
60481.94
38600.32
24623.80
13183.17
34484.32
27350.62
46656.72
49259.16
38672.14
29232.87
4027.14
46998.60
83792.16
71422.20
17056.60
46260.73
52754.88
39458.16
7707.63
50210.88
17282.40
85332.48
62055.84
3313.20
89391.18
63360.96
13753.00
69865.65
13873.23
27566.10
7553.56
22618.96
1398.40
21952.50
41578.46
43082.80
1982.90
42824.62
26630.33
48119.28
6526.52
61574.85
71608.60
19494.00
68217.00
27304.00
42161.34
30881.75
76768.86
32397.66
56207.00
50517.28
37867.80
43495.86
72612.54
37401.26
80197.81
33493.00
64688.91
93685.06
62184.76
47157.36
23121.63
14305.86
67018.60
23200.25
46577.50
51599.88
15700.56
38933.48
11447.82
11422.04
47240.96
8752.48
44056.20
87295.95
18570.76
24700.75
21665.93
62851.25
50532.52
1258.16
27174.18
44885.94
21782.67
26427.12
19977.04
10203.96
21367.65
17507.70
82515.72
49026.45
25783.74
35706.32
6264.36
86302.35
72277.48
60651.80
4033.20
57145.60
45870.75
36720.96
63488.04
39002.40
77070.98
42929.76
19885.46
44131.68
67688.54
48252.12
49312.20
39246.90
6008.88
17010.56
80780.00
43845.78
2192.06
70959.11
45711.12
42546.78
14040.91
6864.60
24476.94
5500.25
46458.85
26152.96
78291.00
56249.28
43842.00
6102.24
39639.50
22733.10
75733.32
55156.32
19169.20
20457.48
21443.04
38142.25
32916.45
33237.48
8583.33
73186.92
86431.24
2866.88
58523.96
16297.10
20504.70
24041.46
24425.10
40154.61
74759.61
25273.30
90802.59
24060.65
5356.96
77117.60
56145.00
44329.40
44812.18
28548.45
19451.57
42576.27
41774.40
44146.44
21406.06
74706.66
34078.59
43373.07
55636.63
28239.90
45054.36
5281.44
8359.40
3357.60
101598.00
12198.83
49273.28
30205.44
62994.24
3743.94
6482.32
9617.04
31238.97
30366.90
12060.16
29839.32
36826.86
67936.62
24362.56
32163.48
11099.33
4129.23
75326.97
45545.36
5627.85
23191.84
64373.78
67361.48
11363.28
15180.60
51161.20
1228.27
13062.28
44355.78
6209.97
44816.28
6817.20
35654.00
5750.79
14738.58
39639.30
15220.20
30819.13
88543.77
36556.74
3829.98
80951.26
71348.76
38571.52
3291.36
49552.65
71370.91
22954.68
40468.68
17438.30
54318.32
43410.00
25884.46
59236.32
26416.88
25346.40
32106.80
92319.24
62165.70
18105.34
76942.80
53559.32
15735.40
62582.20
61227.54
37144.59
54198.40
68827.20
18050.34
71089.64
24012.92
79381.24
51955.18
55405.04
29520.60
24694.04
67988.40
14403.70
24857.76
50447.04
33265.03
55874.28
21973.28
45307.12
26019.69
3017.16
9152.82
20286.54
36446.49
60229.28
23171.28
57551.40
63745.58
64227.60
8633.40
37732.89
48381.20
60347.52
43849.81
25013.29
46406.25
19620.72
58850.58
57650.88
11662.00
53138.28
33632.00
6982.96
27514.89
88439.56
55406.74
63489.69
70083.30
4292.04
15107.49
51936.64
19981.44
8392.08
17699.20
1376.45
72846.40
47351.04
7491.80
57510.36
5051.01
33737.22
32055.24
1741.68
19188.45
12120.12
52237.43
19811.68
9347.73
10621.17
3283.36
68133.12
26233.48
40962.00
38949.24
68070.60
38845.29
75325.50
52149.30
57132.62
40090.50
88455.24
3393.42
13467.02
10951.22
87537.54
48850.20
37277.80
8993.50
77697.83
58712.64
11074.88
63325.08
46142.26
20485.12
35072.67
2372.56
5725.30
35203.00
53112.31
32572.32
75453.30
44182.44
66053.88
12122.11
73491.55
29652.75
9934.85
55911.45
40254.06
3381.21
5762.88
36775.68
46188.16
42476.00
4116.36
15499.25
18425.29
33528.64
45912.36
33151.06
36435.35
32868.99
8207.96
66738.70
52000.26
60358.81
32352.10
13558.32
13004.67
32475.66
39832.32
19266.24
54053.55
31999.68
41537.61
36565.83
35437.20
39559.14
5305.04
23618.53
4792.48
44323.20
79411.85
3717.54
23214.60
53066.29
3471.36
18004.03
36197.28
54080.40
79578.50
1122.13
66378.40
45284.70
75845.72
1889.86
26204.86
59967.00
19790.38
37881.10
30815.55
46110.64
9830.50
4993.80
16616.40
62102.37
64446.48
70227.60
38345.42
77501.34
15095.60
82288.48
51730.47
67423.32
44160.94
50021.14
46146.87
78870.15
12661.28
36492.27
44166.80
39279.17
49364.90
9501.54
15975.96
30577.82
72479.67
3633.58
1266.35
33703.15
55749.33
62848.72
73898.40
24096.94
28078.82
19709.80
66547.68
91723.20
47229.00
54192.60
20615.00
36669.88
18724.68
4872.80
8380.40
18809.20
4648.47
38059.56
23901.36
27097.45
35097.89
60584.85
2646.84
32658.00
26424.40
47183.51
79456.08
37428.10
68574.96
51892.80
4836.88
60560.22
1787.88
41189.07
11918.07
14821.40
80279.20
51153.38
41244.42
9174.15
74752.80
44401.50
13033.08
44302.08
12894.42
1388.42
8606.04
14694.80
58047.90
45288.80
25388.94
48402.63
70957.76
52224.05
23622.20
66467.28
18752.50
21881.40
33553.20
5879.76
42039.63
19891.68
29179.84
81046.40
62314.08
38139.20
35578.80
17946.18
31857.00
18124.92
59146.24
45226.95
1728.75
3474.72
32514.72
63675.69
58441.50
11969.76
71637.54
27008.50
61599.63
23152.65
26782.08
66260.70
69692.04
20932.44
16188.64
38001.60
56018.04
16707.00
53190.00
13396.56
79339.42
4284.48
21764.16
66237.60
4222.44
11715.41
5914.00
19328.04
38724.48
27831.09
85050.24
74614.67
16337.44
62424.18
8282.80
35022.04
15446.47
39279.80
53284.53
1541.52
29641.08
19564.80
11225.83
19899.50
39237.44
46978.75
25371.06
22376.20
54060.89
12231.20
51111.90
34553.64
18917.90
19468.80
33916.05
19364.16
14747.49
44760.76
63494.64
34483.25
89370.61
14069.44
41897.86
75799.60
7369.50
57753.08
39182.64
36733.68
35492.80
34449.12
56335.60
58256.13
36427.86
61968.06
45069.60
50321.70
