get_byte
98
105
105
114
114
117
104
111
121
108
105
102
107
116
107
46
46
114
115
32
107
115
100
32
97
101
102
114
117
101
32
117
104
116
108
117
105
102
99
105
104
107
97
101
97
99
100
104
115
99
115
121
110
117
115
97
110
99
101
105
108
116
108
103
108
117
108
101
116
101
108
112
105
111
32
116
105
108
115
103
32
32
99
32
115
108
101
108
101
105
121
97
108
101
114
101
105
110
102
102
104
116
108
97
121
104
101
117
101
111
101
103
105
99
100
97
97
32
115
108
105
32
97
101
115
117
108
101
103
101
117
111
121
97
110
107
101
32
111
32
108
32
32
32
104
116
121
103
115
116
101
102
114
117
121
99
117
108
97
32
32
100
114
97
103
115
102
111
100
110
108
111
114
102
115
117
121
102
99
108
99
108
102
116
108
117
99
105
117
108
104
102
32
115
104
103
32
117
117
105
110
101
97
117
111
117
97
110
119
114
111
115
32
32
115
108
121
97
105
98
121
111
97
115
114
99
116
32
102
108
105
32
116
114
111
105
121
32
32
104
32
101
101
111
105
116
101
111
32
32
32
100
117
102
114
115
115
32
114
116
117
121
104
108
108
103
101
121
101
108
99
116
32
108
102
97
101
115
105
117
108
111
32
116
113
104
103
118
115
117
121
103
32
105
114
111
110
99
112
105
110
108
32
32
108
108
101
117
117
32
97
32
110
101
32
32
115
101
32
46
108
113
121
32
105
97
32
117
116
116
105
98
110
116
121
108
117
101
32
101
32
117
108
108
103
108
116
97
32
117
110
102
99
114
111
114
101
101
115
110
108
32
99
32
110
101
115
102
97
32
32
97
97
32
115
115
101
99
105
114
99
101
115
108
32
32
118
105
32
97
108
121
114
116
112
111
104
116
98
115
98
97
121
46
114
105
104
101
32
117
105
111
98
121
112
32
115
105
105
97
112
102
32
32
116
111
46
117
101
101
102
103
117
99
117
105
32
32
100
102
101
104
117
104
101
115
110
116
32
113
101
114
116
116
104
102
32
108
105
32
116
101
114
104
110
102
99
32
114
32
115
32
46
32
32
32
100
97
114
46
108
32
103
116
108
110
105
111
110
114
100
114
100
32
105
116
97
115
115
99
108
118
100
32
114
113
111
99
115
110
115
115
97
114
110
115
101
110
32
108
114
115
97
105
108
108
108
46
105
115
115
101
117
97
32
116
104
118
119
105
97
101
112
105
116
114
32
112
115
100
108
121
100
111
100
111
32
99
32
117
99
101
112
32
114
107
112
114
32
32
97
108
112
32
32
101
116
32
97
32
97
32
115
99
116
114
113
32
116
44
97
32
117
32
110
99
32
121
32
110
115
108
111
105
97
115
97
108
117
101
102
32
108
108
116
32
32
102
102
117
105
105
101
104
101
112
97
117
98
107
105
111
114
121
107
32
117
111
32
114
115
46
110
104
101
97
46
97
97
112
114
112
121
100
101
108
105
114
108
98
101
111
97
104
32
110
114
101
97
97
97
99
46
115
101
32
32
98
114
103
108
98
101
97
108
117
115
111
103
32
46
114
101
32
32
121
120
101
117
32
99
32
111
104
114
103
116
32
110
101
116
117
116
108
46
108
114
110
99
115
105
112
111
32
108
97
114
111
99
99
114
108
115
101
100
111
108
115
117
115
32
97
99
32
101
110
115
117
101
111
115
111
116
121
101
97
100
32
114
113
105
111
108
98
101
111
115
97
110
32
117
107
101
116
102
108
108
117
32
117
105
116
115
114
101
46
32
32
111
108
101
108
108
108
32
32
117
105
97
111
104
115
117
101
108
32
108
99
97
99
111
102
105
111
45
108
108
105
100
112
97
32
102
108
101
110
111
118
101
32
32
101
112
110
113
116
32
108
97
116
97
112
110
116
97
46
112
105
105
100
115
101
97
111
115
108
115
32
32
32
97
104
97
32
97
115
32
102
101
114
107
103
116
102
115
97
112
110
46
99
32
121
116
97
32
116
114
114
101
32
111
99
105
121
101
97
117
115
114
110
105
110
100
110
98
103
112
110
101
115
32
99
97
32
116
108
108
117
102
32
100
108
121
108
115
116
116
115
115
116
101
110
108
115
32
115
32
101
115
101
110
103
108
121
111
101
99
97
103
32
101
108
114
101
108
104
32
117
108
105
115
117
32
108
105
104
102
99
121
101
97
97
116
103
32
102
110
111
112
116
103
32
101
108
107
108
101
105
114
117
108
108
108
115
101
115
113
32
99
32
