octet_length
19
34
37
30
31
13
41
31
39
13
22
32
21
29
21
26
20
25
28
31
42
36
30
13
20
23
15
32
16
13
15
37
31
16
10
20
33
23
19
32
32
18
21
14
37
31
36
11
27
41
27
35
20
37
11
11
20
25
26
32
28
37
11
17
15
42
19
39
41
23
36
18
22
18
10
41
39
37
10
14
35
33
20
29
31
21
14
30
18
33
38
13
37
43
36
40
41
11
43
11
25
35
35
21
34
42
25
21
15
29
41
31
35
40
20
11
24
38
29
26
29
21
31
12
23
32
23
31
20
24
19
33
19
39
17
14
23
19
43
18
34
12
37
25
17
27
16
11
13
39
15
23
25
21
25
32
31
23
38
39
18
36
31
15
25
32
28
43
25
35
25
32
17
25
43
42
12
38
18
36
36
36
39
24
28
34
25
10
20
16
22
33
16
31
41
19
21
28
39
31
33
25
11
39
40
11
28
30
15
33
26
15
12
13
31
41
27
38
18
29
20
31
36
14
29
33
43
34
20
38
19
29
21
22
16
39
22
18
10
28
27
14
13
10
17
30
34
27
18
42
29
17
17
33
26
37
32
41
19
39
30
24
17
34
29
12
11
23
20
34
17
28
13
38
24
37
38
10
33
32
19
15
36
14
36
32
11
17
41
17
32
30
26
16
37
25
21
26
10
24
29
33
12
38
41
37
19
20
41
32
29
25
30
11
40
27
27
27
15
23
32
27
30
33
28
36
32
30
42
20
33
10
37
13
30
32
29
42
27
40
33
38
42
37
37
29
20
21
28
27
19
36
19
26
27
15
30
38
17
29
21
31
12
17
33
42
21
13
33
42
15
13
22
20
42
38
20
41
13
36
41
11
32
19
25
10
10
31
41
41
19
10
33
29
14
12
18
36
30
22
20
22
33
36
37
40
43
18
11
16
26
32
25
36
20
10
23
24
17
40
43
15
14
35
16
31
28
42
11
11
42
23
10
35
38
16
16
12
27
34
17
26
14
24
18
32
40
10
12
30
40
21
39
20
33
33
11
25
28
31
19
25
37
30
31
17
31
16
37
29
31
11
27
11
13
12
29
10
43
27
14
42
25
19
43
39
10
21
23
36
21
21
15
35
41
26
17
24
15
37
18
21
17
23
39
19
14
31
35
41
30
38
11
30
39
22
30
21
43
43
15
43
15
38
11
41
30
12
22
40
10
18
14
38
15
33
30
12
15
10
24
18
34
29
35
23
36
29
12
38
24
36
25
21
24
36
43
26
43
33
29
39
38
38
30
37
35
18
40
25
29
19
37
30
19
25
36
15
22
13
31
39
13
24
19
28
36
24
36
25
27
22
18
26
15
19
28
39
11
10
17
27
41
32
20
42
40
32
35
22
21
39
33
27
12
29
33
24
23
19
42
30
38
12
10
18
21
26
41
34
39
41
20
43
23
28
33
41
32
23
42
10
32
33
39
28
42
23
27
37
33
26
38
32
41
36
23
41
43
15
23
19
24
23
36
18
19
36
14
38
35
22
22
10
30
23
22
21
41
31
42
16
12
34
42
13
40
42
29
32
23
15
39
21
12
33
20
31
17
29
40
20
32
41
31
13
23
42
34
18
28
36
21
33
32
32
31
14
40
29
23
38
21
36
19
23
42
37
35
36
31
32
41
40
14
19
35
42
38
25
16
29
20
35
32
24
28
30
41
37
32
37
38
28
39
29
14
19
32
42
34
42
28
30
42
37
35
32
28
21
38
34
43
34
42
24
18
39
23
41
31
33
26
23
34
24
29
37
43
20
14
39
39
10
30
14
17
41
29
13
23
26
18
12
35
25
24
14
31
43
20
13
31
27
23
30
31
27
10
32
40
36
10
31
13
13
16
21
35
16
10
28
15
31
31
28
33
30
31
41
15
34
30
26
14
39
20
31
32
25
13
41
20
12
22
26
25
40
18
25
29
34
15
32
39
11
16
21
13
33
20
28
37
23
28
26
23
42
14
28
16
13
23
32
39
30
20
31
43
42
36
16
33
22
33
15
39
21
22
20
12
19
35
33
21
21
27
10
29
32
31
23
32
23
35
38
21
19
42
23
37
13
17
39
32
22
19
28
19
36
33
10
24
31
22
18
16
38
32
14
23
18
32
39
37
12
13
43
23
41
14
12
11
43
32
22
19
35
18
25
12
14
38
38
25
41
20
21
11
30
41
32
12
25
17
39
41
30
18
21
13
29
22
39
11
31
39
16
34
27
25
25
25
15
17
29
39
21
12
10
