pg_column_size
17
22
42
20
15
25
15
31
28
22
19
15
15
19
20
35
43
35
14
17
14
29
13
28
44
27
42
38
37
40
22
42
21
14
14
23
30
42
42
24
23
30
25
13
36
18
12
37
31
12
28
23
17
26
27
15
23
12
19
43
28
41
27
20
22
32
41
15
19
41
32
15
38
28
36
32
33
24
32
41
33
38
39
44
42
43
20
37
13
29
44
23
14
26
33
24
30
36
31
44
37
11
29
34
25
15
26
36
29
37
42
15
14
12
31
35
27
37
33
36
16
17
39
25
42
14
30
40
36
13
27
28
11
13
38
23
34
34
44
30
16
36
11
34
26
21
24
18
38
20
11
38
44
20
35
28
12
33
27
13
34
25
16
38
41
20
27
36
41
34
33
38
40
15
15
21
41
34
35
28
44
20
44
32
43
34
24
13
25
13
37
18
15
41
19
28
38
32
37
18
32
18
24
20
32
18
35
28
15
15
43
27
43
21
30
27
29
11
44
18
42
22
38
43
11
12
14
38
40
12
21
36
31
11
37
43
12
27
16
42
16
16
20
13
18
17
21
27
42
17
17
38
31
31
25
33
23
19
21
23
12
33
29
28
17
27
23
14
35
21
17
38
20
36
20
15
17
14
27
17
11
17
24
12
16
15
21
35
13
22
36
37
13
21
18
16
32
24
28
39
13
33
14
28
25
36
24
37
12
27
15
36
33
33
42
15
37
13
42
13
25
41
23
37
17
15
22
41
21
17
20
12
13
28
43
35
20
30
39
22
34
39
16
24
35
23
39
15
25
39
17
43
21
27
34
29
24
28
26
41
24
27
32
13
16
39
13
25
33
17
16
24
17
22
39
37
16
38
32
16
15
23
18
22
26
33
42
23
23
36
16
27
38
18
22
40
44
44
43
44
13
15
30
34
31
11
29
42
44
44
24
14
29
31
23
34
32
19
40
29
41
11
26
43
24
31
41
19
18
35
43
21
11
43
43
29
33
36
13
42
33
23
11
15
36
44
24
26
40
38
15
11
26
29
42
32
16
18
18
36
26
40
43
12
37
20
13
21
33
18
13
20
27
24
27
25
41
21
14
23
22
44
19
38
44
36
14
40
16
24
42
15
40
39
41
17
28
17
12
18
15
14
27
16
28
30
34
40
20
15
22
32
34
40
44
12
25
19
15
16
24
37
32
31
33
13
34
41
33
30
15
44
13
18
43
23
33
27
21
26
29
26
31
27
15
12
35
34
41
36
15
11
38
13
44
20
40
43
16
32
21
29
37
12
24
41
39
12
23
44
43
13
13
14
12
15
38
25
30
33
38
28
22
29
33
15
12
39
41
31
29
40
34
17
40
34
19
23
39
14
36
31
22
22
23
26
41
22
15
15
31
30
13
19
12
34
20
12
33
21
41
36
22
42
23
16
36
43
40
23
28
26
44
33
21
25
16
23
30
39
25
25
30
26
42
12
44
31
33
43
26
30
34
41
31
35
28
42
41
13
25
25
15
25
13
27
13
15
40
27
16
27
17
33
25
26
19
32
12
30
17
14
27
28
23
39
43
41
11
21
36
12
23
26
23
44
26
22
24
13
41
20
31
27
35
32
22
24
18
26
16
32
40
44
34
12
14
34
23
16
27
39
11
37
41
27
18
35
37
23
37
30
33
36
39
18
36
12
17
31
31
22
40
41
25
15
30
17
42
15
28
41
24
19
40
35
36
18
11
25
29
30
36
29
32
26
27
30
12
21
25
36
31
40
36
12
23
27
19
11
36
31
14
35
21
37
44
38
21
41
43
18
43
34
11
32
36
21
42
35
32
31
33
21
17
27
20
38
29
12
39
15
20
42
19
29
31
43
18
39
19
30
25
38
26
36
19
40
44
21
33
34
29
32
40
36
36
13
44
26
26
27
26
14
29
39
29
41
17
13
34
26
27
34
41
42
15
17
41
30
31
34
28
36
34
13
11
27
27
29
40
16
24
38
31
21
29
44
15
12
20
34
24
41
18
30
43
12
20
34
15
32
25
34
43
43
28
26
27
20
40
30
28
31
43
21
32
14
24
21
27
15
33
38
27
39
41
12
26
31
43
25
27
39
26
28
11
29
41
42
11
31
32
22
31
28
34
16
11
38
11
26
25
21
30
24
15
44
33
39
42
31
41
31
18
39
42
14
23
43
14
26
38
20
41
36
18
32
18
37
38
39
26
26
42
36
12
36
14
34
40
15
42
22
29
31
12
43
19
32
36
33
24
21
23
27
20
27
16
15
