l_quantity
47.00
9.00
19.00
37.00
3.00
9.00
40.00
2.00
39.00
5.00
43.00
9.00
50.00
44.00
3.00
7.00
47.00
34.00
37.00
37.00
28.00
22.00
9.00
50.00
43.00
34.00
24.00
37.00
7.00
46.00
42.00
21.00
34.00
20.00
42.00
45.00
47.00
29.00
46.00
21.00
37.00
30.00
20.00
7.00
14.00
43.00
20.00
17.00
22.00
43.00
32.00
20.00
8.00
19.00
41.00
44.00
31.00
37.00
42.00
29.00
44.00
9.00
17.00
4.00
7.00
16.00
44.00
2.00
43.00
34.00
31.00
13.00
45.00
43.00
26.00
11.00
28.00
38.00
30.00
25.00
23.00
13.00
46.00
7.00
34.00
7.00
18.00
24.00
26.00
12.00
44.00
41.00
23.00
12.00
50.00
35.00
50.00
22.00
23.00
1.00
17.00
9.00
39.00
38.00
22.00
42.00
23.00
7.00
15.00
35.00
49.00
18.00
42.00
10.00
18.00
24.00
21.00
14.00
25.00
47.00
19.00
14.00
7.00
11.00
17.00
48.00
31.00
30.00
18.00
40.00
43.00
45.00
7.00
32.00
27.00
14.00
18.00
10.00
13.00
36.00
15.00
15.00
50.00
15.00
50.00
48.00
47.00
6.00
34.00
42.00
16.00
9.00
5.00
49.00
2.00
23.00
32.00
45.00
7.00
1.00
49.00
25.00
7.00
28.00
25.00
38.00
33.00
29.00
45.00
41.00
49.00
47.00
26.00
33.00
30.00
18.00
42.00
37.00
32.00
33.00
2.00
4.00
17.00
33.00
11.00
15.00
38.00
39.00
24.00
47.00
21.00
30.00
21.00
16.00
40.00
21.00
38.00
27.00
38.00
42.00
47.00
16.00
21.00
48.00
49.00
3.00
41.00
2.00
36.00
40.00
34.00
17.00
31.00
12.00
21.00
22.00
3.00
21.00
38.00
17.00
13.00
36.00
24.00
32.00
20.00
24.00
42.00
29.00
26.00
5.00
4.00
8.00
35.00
47.00
24.00
32.00
45.00
34.00
30.00
34.00
29.00
2.00
33.00
38.00
23.00
27.00
40.00
16.00
23.00
2.00
43.00
22.00
12.00
10.00
14.00
47.00
45.00
46.00
10.00
36.00
36.00
6.00
34.00
27.00
37.00
37.00
23.00
43.00
29.00
35.00
33.00
19.00
7.00
7.00
34.00
7.00
13.00
40.00
27.00
16.00
15.00
5.00
20.00
27.00
4.00
13.00
30.00
19.00
34.00
21.00
48.00
2.00
32.00
8.00
29.00
27.00
14.00
39.00
8.00
33.00
23.00
21.00
17.00
38.00
14.00
39.00
12.00
20.00
41.00
15.00
6.00
5.00
22.00
20.00
4.00
42.00
19.00
45.00
47.00
6.00
27.00
22.00
47.00
8.00
30.00
49.00
30.00
12.00
49.00
8.00
44.00
25.00
12.00
30.00
6.00
26.00
2.00
37.00
16.00
43.00
25.00
43.00
47.00
23.00
16.00
38.00
24.00
31.00
34.00
15.00
35.00
39.00
21.00
41.00
48.00
31.00
1.00
30.00
18.00
41.00
18.00
15.00
28.00
28.00
15.00
24.00
45.00
41.00
28.00
14.00
49.00
16.00
32.00
39.00
44.00
50.00
21.00
21.00
37.00
7.00
25.00
37.00
23.00
36.00
6.00
48.00
31.00
4.00
26.00
18.00
41.00
12.00
27.00
32.00
20.00
19.00
25.00
5.00
33.00
36.00
49.00
8.00
16.00
37.00
9.00
41.00
42.00
9.00
45.00
13.00
23.00
33.00
6.00
28.00
1.00
3.00
43.00
27.00
13.00
13.00
40.00
7.00
16.00
18.00
47.00
42.00
9.00
41.00
31.00
14.00
24.00
40.00
34.00
43.00
48.00
50.00
46.00
33.00
5.00
21.00
39.00
4.00
35.00
25.00
18.00
17.00
1.00
6.00
5.00
4.00
11.00
33.00
2.00
15.00
25.00
23.00
22.00
27.00
47.00
50.00
33.00
3.00
46.00
5.00
3.00
6.00
28.00
11.00
17.00
9.00
7.00
39.00
13.00
15.00
14.00
27.00
32.00
4.00
25.00
32.00
31.00
6.00
4.00
50.00
28.00
33.00
39.00
31.00
39.00
28.00
9.00
27.00
26.00
39.00
34.00
16.00
36.00
2.00
36.00
36.00
14.00
20.00
28.00
47.00
33.00
18.00
25.00
1.00
36.00
30.00
34.00
10.00
49.00
22.00
15.00
1.00
12.00
44.00
36.00
46.00
6.00
46.00
33.00
41.00
49.00
3.00
10.00
22.00
12.00
21.00
40.00
21.00
16.00
22.00
19.00
46.00
47.00
13.00
18.00
41.00
10.00
1.00
2.00
19.00
22.00
36.00
35.00
49.00
50.00
4.00
33.00
41.00
35.00
1.00
16.00
8.00
8.00
45.00
22.00
17.00
36.00
9.00
25.00
16.00
27.00
3.00
26.00
48.00
46.00
30.00
34.00
46.00
45.00
34.00
11.00
24.00
6.00
50.00
5.00
11.00
24.00
31.00
13.00
11.00
45.00
39.00
17.00
23.00
42.00
36.00
28.00
49.00
27.00
17.00
11.00
17.00
7.00
6.00
12.00
40.00
23.00
3.00
49.00
4.00
6.00
21.00
46.00
33.00
44.00
29.00
15.00
48.00
42.00
4.00
18.00
9.00
13.00
25.00
11.00
47.00
21.00
6.00
32.00
8.00
48.00
24.00
28.00
27.00
5.00
31.00
17.00
23.00
11.00
9.00
8.00
2.00
27.00
12.00
24.00
5.00
14.00
41.00
33.00
41.00
22.00
43.00
28.00
7.00
31.00
31.00
7.00
40.00
43.00
49.00
40.00
14.00
42.00
25.00
16.00
2.00
9.00
2.00
12.00
11.00
23.00
21.00
19.00
13.00
21.00
4.00
47.00
49.00
25.00
15.00
45.00
25.00
2.00
10.00
7.00
12.00
50.00
2.00
48.00
1.00
5.00
3.00
49.00
14.00
6.00
30.00
35.00
21.00
35.00
29.00
13.00
27.00
49.00
23.00
42.00
27.00
3.00
17.00
17.00
49.00
13.00
29.00
14.00
2.00
22.00
8.00
26.00
42.00
26.00
1.00
29.00
40.00
3.00
11.00
17.00
40.00
20.00
16.00
7.00
23.00
47.00
46.00
39.00
8.00
5.00
46.00
43.00
40.00
9.00
37.00
35.00
3.00
46.00
26.00
15.00
1.00
12.00
12.00
17.00
25.00
38.00
16.00
29.00
5.00
41.00
38.00
29.00
13.00
24.00
50.00
42.00
37.00
3.00
41.00
20.00
47.00
10.00
10.00
12.00
35.00
13.00
42.00
49.00
46.00
43.00
35.00
24.00
20.00
11.00
22.00
11.00
10.00
36.00
13.00
40.00
14.00
36.00
37.00
19.00
37.00
17.00
49.00
42.00
16.00
19.00
23.00
3.00
16.00
43.00
37.00
27.00
46.00
39.00
10.00
18.00
50.00
26.00
30.00
14.00
9.00
21.00
28.00
11.00
29.00
1.00
11.00
48.00
21.00
36.00
2.00
21.00
8.00
20.00
19.00
36.00
20.00
17.00
11.00
30.00
46.00
31.00
36.00
49.00
49.00
1.00
20.00
36.00
1.00
29.00
27.00
14.00
49.00
2.00
40.00
38.00
18.00
26.00
48.00
2.00
49.00
17.00
39.00
27.00
37.00
14.00
25.00
32.00
24.00
25.00
48.00
28.00
21.00
45.00
24.00
26.00
11.00
42.00
3.00
32.00
46.00
8.00
16.00
23.00
8.00
28.00
35.00
48.00
37.00
28.00
39.00
41.00
46.00
45.00
19.00
45.00
18.00
49.00
10.00
44.00
20.00
20.00
1.00
35.00
19.00
14.00
15.00
43.00
25.00
40.00
45.00
22.00
19.00
8.00
18.00
23.00
9.00
5.00
32.00
41.00
39.00
30.00
19.00
11.00
18.00
21.00
35.00
50.00
3.00
14.00
38.00
19.00
7.00
48.00
2.00
19.00
27.00
10.00
33.00
39.00
7.00
29.00
26.00
16.00
33.00
23.00
5.00
50.00
42.00
30.00
1.00
41.00
16.00
29.00
50.00
22.00
45.00
20.00
35.00
6.00
5.00
47.00
23.00
19.00
13.00
40.00
23.00
3.00
48.00
9.00
8.00
37.00
18.00
37.00
49.00
18.00
27.00
30.00
34.00
20.00
16.00
37.00
30.00
40.00
37.00
24.00
14.00
14.00
9.00
7.00
13.00
48.00
21.00
47.00
42.00
39.00
18.00
10.00
45.00
32.00
44.00
36.00
39.00
1.00
2.00
32.00
33.00
24.00
20.00
31.00
36.00
13.00
1.00
41.00
7.00
21.00
23.00
