?column?
00000000000000000010110000000110
00000000000000010011000000000000
00000000000000000010011000000000
00000000000000010010111000100010
00000000000000010000110001000000
00000000000000010000011001000000
00000000000000000011000000000001
00000000000000010010100001000001
00000000000000000000111000000000
00000000000000000010101000000000
00000000000000000001110000000000
00000000000000010010111000000100
00000000000000010000110001000000
00000000000000000010101000000000
00000000000000000010100000000101
00000000000000010011000001000000
00000000000000010010010001000100
00000000000000000000100001000100
00000000000000000001011001000100
00000000000000010011001000000100
00000000000000000010010000000100
00000000000000010011000000000100
00000000000000000011110000000110
00000000000000000010110001000010
00000000000000000001010001000101
00000000000000000000011001000000
00000000000000010011111001100000
00000000000000010010001000100000
00000000000000000010101000000001
00000000000000010000110001100000
00000000000000010001000001100000
00000000000000000001101001000000
00000000000000000000100001000010
00000000000000000001101001000010
00000000000000010011000001100000
00000000000000000000110000000000
00000000000000000010010000000100
00000000000000010000001001000000
00000000000000000000111001000000
00000000000000010011101000000000
00000000000000010011100000100001
00000000000000010011111001100100
00000000000000000011111001100110
00000000000000010010011000000010
00000000000000010000110000000110
00000000000000000000010000100110
00000000000000000000010000000010
00000000000000000010001001000110
00000000000000000001010001000011
00000000000000000000111001100111
00000000000000000001011001000010
00000000000000000011110001000011
00000000000000000000011000100111
00000000000000000000101000100000
00000000000000010011001010000000
00000000000000010011000000000000
00000000000000010001000010000000
00000000000000000011110000000000
00000000000000000011101010000001
00000000000000000010110010000010
00000000000000000001010010000000
00000000000000000001110010000000
00000000000000000011000010000010
00000000000000010000100010000010
00000000000000010000111010000000
00000000000000000000101010000010
00000000000000000000000010000000
00000000000000000000110000000000
00000000000000010010010010000100
00000000000000000010110000000000
00000000000000000011011000000000
00000000000000000001110010000000
00000000000000000001000000000000
00000000000000000001010000000101
00000000000000000001011010000101
00000000000000000000111000000101
00000000000000000010001010000001
00000000000000000011111010000000
00000000000000000011011000000101
00000000000000000011100000000100
00000000000000000010101010000010
00000000000000000000100000000110
00000000000000000000001000000000
00000000000000010001101010000100
00000000000000010010110010000010
00000000000000000010111000000010
00000000000000010000010000000000
00000000000000000001100000000000
00000000000000000010010010100000
00000000000000000010001010000000
00000000000000000001010010100000
00000000000000010001110010000000
00000000000000000000111000000000
00000000000000010001000000000000
00000000000000010001110000000000
00000000000000010010100000100010
00000000000000000011100010000010
00000000000000000011100010000000
00000000000000000000010000100010
00000000000000010000000010100001
00000000000000000000101000100000
00000000000000000000100000100100
00000000000000000000000000000000
00000000000000010010000000000000
00000000000000010011101010100100
00000000000000000011011010100000
00000000000000000000101010100101
00000000000000000001001010100101
00000000000000000010001010000000
00000000000000010011100010100110
00000000000000010000111000100010
00000000000000010001001000100100
00000000000000000010110000100110
00000000000000010011010000100110
00000000000000010011100010000100
00000000000000010000010010100101
00000000000000000010111000100011
00000000000000000011000010100110
00000000000000000011000010000100
00000000000000010010100000000111
00000000000000000011010000100001
00000000000000000000001000000011
00000000000000000001010001000000
00000000000000010001010010000000
00000000000000000000000000000000
00000000000000000001011010000000
00000000000000000011111001000000
00000000000000000010101011000000
00000000000000000011100001000000
00000000000000000011110010000010
00000000000000010010110000000000
00000000000000000011011000000000
00000000000000000001001010000010
00000000000000010010111000000011
00000000000000010001101000000000
00000000000000000010110001000000
00000000000000010001111010000000
00000000000000010011100010000001
00000000000000010000010000000000
00000000000000010010001001000100
00000000000000010011011011000100
00000000000000000010010000000100
00000000000000010011100010000000
00000000000000010010111001000000
00000000000000010010001011000100
00000000000000010000110010000100
00000000000000000011010011000101
00000000000000000000100011000100
00000000000000000011110001000001
00000000000000000010100000000100
00000000000000010011010000000100
00000000000000000000000011000101
00000000000000000010001000000000
00000000000000000001110000000010
00000000000000010000111011000110
00000000000000000011101001000000
00000000000000010001110010000101
00000000000000010011111000100000
00000000000000000000111000000000
00000000000000010000000001000000
00000000000000000011100011100000
00000000000000000000011011000001
00000000000000000000101000000001
00000000000000010011100010000010
00000000000000000001110010000000
00000000000000000001101001000010
00000000000000000001100010000001
00000000000000010001100010100011
00000000000000000010011001100010
00000000000000010000110011100000
00000000000000000010101011000000
00000000000000010000001000000000
00000000000000010001111001000100
00000000000000000001011001100100
00000000000000000011111000000000
00000000000000000001010011100001
00000000000000000011101011000101
00000000000000000011010011100010
00000000000000000000000010100010
00000000000000000001100000100110
00000000000000000011001011000110
00000000000000010011101000000010
00000000000000010001001000000000
00000000000000000011001000000000
00000000000000010000111000000110
00000000000000000011000011100101
00000000000000000010001000000000
00000000000000000010011100000000
00000000000000000011001100000000
00000000000000000011111000000000
00000000000000010001111100000000
00000000000000010010001100000001
00000000000000000010010100000001
00000000000000000001100000000000
00000000000000000000100000000000
00000000000000000000001000000001
00000000000000000010111000000000
00000000000000000011001000000010
00000000000000010000111000000000
00000000000000000001010000000010
00000000000000010001001000000000
00000000000000000010011100000000
00000000000000000010010000000010
00000000000000000010011000000011
00000000000000000000101000000010
00000000000000000001011100000011
00000000000000000000000100000100
00000000000000000011111000000100
00000000000000000000000000000000
00000000000000000011110100000000
00000000000000000001111000000100
00000000000000000011111000000000
00000000000000010010100000000101
00000000000000000001001000000101
00000000000000000010111100000000
00000000000000010011111000000001
00000000000000000011110100000000
00000000000000000010101000000000
00000000000000010011110100000000
00000000000000000010110000000100
00000000000000000011010000000110
00000000000000000001011100000100
00000000000000010011000100000110
00000000000000000001000000000010
00000000000000000011001100000110
00000000000000000011011100000100
00000000000000000010010100000011
00000000000000000011100100000110
00000000000000000001001100000111
00000000000000000001110100000000
00000000000000010010110100100000
00000000000000000011010100100001
00000000000000010001010000100001
00000000000000000001001000100000
00000000000000000001000100000010
00000000000000000001100100000010
00000000000000000011011000000010
00000000000000000011010100000011
00000000000000010001011000100011
00000000000000000000100000100000
00000000000000000001001100100001
00000000000000010001001000100001
00000000000000000011001100100000
00000000000000000000001000100000
00000000000000010010011000000101
00000000000000000000011000100101
00000000000000000011110000000101
00000000000000000000101100100001
00000000000000000010000100100100
00000000000000000001100000000000
00000000000000010000000000000100
00000000000000000010000000100100
00000000000000000010111000100000
00000000000000000011011100000101
00000000000000000001000000000100
00000000000000000010001000000011
00000000000000010001001000000010
00000000000000010000010000100001
00000000000000010011110101000000
00000000000000010000010001000000
00000000000000010011111001000000
00000000000000000010110001000000
00000000000000000010010001000000
00000000000000010000100000000010
00000000000000000001001001000010
00000000000000000011011101000010
00000000000000000000001101000011
00000000000000000011010101000000
00000000000000000001001000000000
00000000000000000010000000000000
00000000000000000010111101000100
00000000000000000010110100000001
00000000000000000000010101000000
00000000000000000011010001000001
00000000000000000010000000000001
00000000000000010011011101000001
00000000000000000011000001000101
00000000000000010000010000000000
00000000000000000011110001000100
00000000000000000000000001000100
00000000000000000010011100000010
00000000000000000000101000000000
00000000000000000000100001000100
00000000000000000011100101000010
00000000000000010000100000000110
00000000000000000001011100000001
00000000000000010011011101000001
00000000000000000011011101000011
00000000000000000001000000000011
00000000000000010000001100100000
00000000000000010010001001000000
00000000000000000000101100100000
00000000000000010001101001100000
00000000000000010011110101000000
00000000000000000000011000100001
00000000000000000011100101100000
00000000000000010001110001100000
00000000000000000001001101100001
00000000000000000000111100000001
00000000000000000000100001100010
00000000000000000001001000000000
00000000000000000000010100000010
00000000000000010010001101100000
00000000000000000010100001000010
00000000000000000011100000000010
00000000000000010000110000000010
00000000000000010010110101100011
00000000000000000010010001000001
00000000000000000001110100100100
00000000000000000011110001100000
00000000000000010000100101000100
00000000000000000011000001100000
00000000000000000010000001100000
00000000000000010010000000100000
00000000000000000011001100000101
00000000000000010001010100000100
00000000000000010000000100000001
00000000000000000000010001000000
00000000000000000000001001000110
00000000000000010001100001000110
00000000000000000000100101100000
00000000000000000011101010000000
00000000000000000010000110000000
00000000000000000010001100000000
00000000000000000010110110000001
00000000000000000011110010000000
00000000000000000011100000000001
00000000000000000010011010000010
00000000000000010010111000000010
00000000000000000001000110000011
00000000000000000000110000000011
00000000000000000001011000000000
00000000000000000000000000000100
00000000000000010010101110000100
00000000000000000010111010000001
00000000000000000011110100000101
00000000000000000001001110000101
00000000000000010000001010000101
00000000000000000010101110000001
00000000000000000000011110000000
00000000000000000010000010000000
00000000000000000011010000000111
00000000000000010000101000000111
00000000000000010000110000100000
00000000000000010000101100000000
00000000000000000001100000100000
00000000000000000011110100100000
00000000000000010001011100100000
00000000000000000000100100000001
00000000000000000000010000000001
00000000000000000011100100000001
00000000000000010011101110000001
00000000000000000001010110100000
00000000000000010011010010100000
00000000000000000010110100000010
00000000000000000001001010100010
00000000000000000000010000000000
00000000000000000001111000000001
00000000000000010001101100100101
00000000000000000010111010000001
00000000000000000001110100000000
00000000000000010001011100100101
00000000000000000000111000000000
00000000000000000011010010100010
00000000000000000000011000000000
00000000000000010001001000100110
00000000000000010001011010100111
00000000000000000010110000100110
00000000000000000000010010100001
00000000000000010001111110000010
00000000000000000011111010100101
00000000000000000011111110000110
00000000000000000011100110000000
00000000000000000000100000000000
00000000000000010001100101000000
00000000000000010000010100000000
00000000000000010010111111000000
00000000000000010001000011000000
00000000000000010010111001000000
00000000000000000010010001000000
00000000000000000011101111000001
00000000000000010001111010000000
00000000000000000001001001000010
00000000000000000001001110000010
00000000000000000001000001000010
00000000000000000001111010000001
00000000000000000011111001000100
00000000000000000011000010000000
00000000000000010000001011000000
00000000000000010000001011000100
00000000000000000000010100000100
00000000000000000001101101000000
00000000000000000000011100000001
00000000000000000000011001000110
00000000000000010000110001000110
00000000000000000010111111000010
00000000000000000010110111000100
00000000000000000001000000000110
00000000000000000010001101000000
00000000000000010001011110000000
00000000000000000000101111100000
00000000000000000000100000000000
00000000000000000001110100100000
00000000000000010010000010000000
00000000000000000001000011000000
00000000000000010000000100000001
00000000000000000001000000000001
00000000000000000011100000100000
00000000000000000001111010100001
00000000000000000010101110000000
00000000000000000011111001000010
00000000000000010010000101000000
00000000000000000011100001000001
00000000000000000001001000000010
00000000000000010011010110100011
00000000000000000010100111100000
00000000000000010000101101000000
00000000000000010001111101100000
00000000000000010011010101000001
00000000000000010011110000000101
00000000000000010001100010100100
00000000000000000000011011100101
00000000000000000001100001000100
00000000000000010001010100000101
00000000000000000011000000100000
00000000000000000011101011100110
00000000000000000010001100000000
00000000000000000001100100000010
00000000000000000000101011000110
00000000000000000000100000100110
00000000000000000000011010000011
00000000000000000010011100000010
00000000000000000000001001000011
00000000000000000011111000100000
00000000000000010001110011100100
00000000000000000001001111000010
00000000000000000100000000000000
00000000000000010000000000000000
00000000000000000100000000000000
00000000000000000000000000000000
00000000000000000100000000000000
00000000000000000000000000000000
00000000000000000000000000000000
00000000000000000000000000000000
00000000000000000000000000000000
00000000000000010000000000000001
00000000000000000000000000000001
00000000000000000000000000000001
00000000000000000100000000000010
00000000000000010000000000000011
00000000000000000100000000000010
00000000000000000000000000000001
00000000000000000000000000000000
00000000000000000100000000000100
00000000000000000000000000000100
00000000000000010100000000000100
00000000000000000000000000000000
00000000000000010000000000000000
00000000000000000100000000000100
00000000000000010000000000000001
00000000000000010000000000000100
00000000000000010000000000000010
00000000000000010100000000000010
00000000000000010100000000000010
00000000000000000000000000000000
00000000000000000100000000000000
00000000000000000100000000000010
00000000000000010100000000000110
00000000000000000100000000000010
00000000000000000100000000000001
00000000000000010100000000100000
00000000000000000100000000000000
00000000000000010000000000100000
00000000000000000100000000100000
00000000000000000100000000100000
00000000000000010100000000000001
00000000000000000100000000100000
00000000000000010100000000100001
00000000000000000000000000100000
00000000000000010100000000000000
00000000000000010000000000100001
00000000000000000000000000000000
00000000000000000100000000000010
00000000000000000000000000000000
00000000000000000100000000100000
00000000000000010100000000000000
00000000000000000000000000100011
00000000000000010100000000000001
00000000000000000100000000000001
00000000000000000100000000100001
00000000000000000000000000100011
00000000000000010100000000100000
00000000000000000100000000000100
00000000000000000000000000000100
00000000000000000000000000000100
00000000000000000100000000000000
00000000000000010000000000000001
00000000000000000100000000000000
00000000000000000000000000100000
00000000000000000000000000000101
00000000000000010100000000100001
00000000000000000100000000000010
00000000000000010000000000100000
00000000000000000000000000100010
00000000000000000000000000100110
00000000000000000000000000000100
00000000000000000100000000000111
00000000000000010100000000000010
00000000000000010000000000000110
00000000000000000100000000000001
00000000000000010100000000100011
00000000000000000100000000000001
00000000000000010100000001000000
00000000000000010100000000000000
00000000000000010000000001000000
00000000000000000000000000000000
00000000000000010100000001000000
00000000000000000000000001000000
00000000000000000100000000000010
00000000000000000000000000000010
00000000000000010100000000000010
00000000000000000000000001000010
00000000000000010100000001000010
00000000000000000100000000000000
00000000000000000000000001000010
00000000000000010100000001000011
00000000000000000100000001000000
00000000000000010100000000000001
00000000000000000000000001000011
00000000000000010100000000000000
00000000000000000000000000000000
00000000000000000000000000000100
00000000000000000100000000000000
00000000000000010000000000000000
00000000000000000000000001000101
00000000000000000100000000000001
00000000000000000100000000000101
00000000000000000000000001000000
00000000000000010000000001000100
00000000000000000000000000000010
00000000000000000100000001000110
00000000000000000100000000000010
00000000000000000000000001000000
00000000000000000100000001000100
00000000000000010100000001000010
00000000000000010000000001000110
00000000000000000100000000000110
00000000000000000100000000000010
00000000000000000100000000000111
00000000000000010100000001100000
00000000000000000100000000100000
00000000000000000000000000100000
00000000000000010100000001000000
00000000000000010000000001100001
00000000000000000000000000000001
00000000000000000100000000100000
00000000000000010000000001100000
00000000000000000000000000000010
00000000000000000100000000100001
00000000000000000000000001100000
00000000000000000000000000100000
00000000000000000000000001000011
00000000000000000000000001100000
00000000000000000000000001000100
00000000000000000100000000100000
00000000000000010000000001000001
00000000000000010000000000000010
00000000000000000100000001100000
00000000000000010000000000000111
00000000000000000100000000100101
00000000000000000100000000000000
00000000000000000100000001000001
00000000000000000100000010000000
00000000000000000100000000000000
00000000000000000000000010000000
00000000000000000100000010000000
00000000000000000000000010000000
00000000000000000100000010000000
00000000000000000100000000000000
00000000000000000100000010000001
00000000000000010100000000000001
00000000000000000100000000000000
00000000000000000100000010000001
00000000000000000000000010000000
00000000000000000100000010000010
00000000000000010100000010000011
00000000000000010000000000000010
00000000000000010000000000000000
00000000000000000000000010000000
00000000000000000100000000000100
00000000000000000000000010000000
00000000000000010000000010000100
00000000000000010100000010000000
00000000000000000100000010000000
00000000000000000100000010000100
00000000000000000000000010000101
00000000000000010100000010000010
00000000000000010100000000000100
00000000000000010100000010000000
00000000000000000000000010000000
00000000000000010100000000000110
00000000000000000000000000000110
00000000000000000000000000000110
00000000000000000100000000000000
00000000000000000100000000000000
00000000000000000000000000000000
00000000000000000100000010000001
00000000000000000000000010000001
00000000000000000000000010100001
00000000000000000100000000100001
00000000000000000100000000000000
00000000000000000000000010000001
00000000000000000000000010100000
00000000000000000100000010100000
00000000000000000100000010000000
00000000000000000000000010100010
00000000000000000000000000000000
00000000000000000100000000000010
00000000000000000100000010000000
00000000000000000000000010100000
00000000000000000100000000000001
00000000000000000000000000100010
00000000000000000100000000000011
00000000000000010100000010100100
00000000000000000000000010000100
00000000000000000000000010000000
00000000000000010100000000000100
00000000000000000000000010000000
00000000000000010100000000000000
00000000000000000000000010100100
00000000000000000100000010000001
00000000000000010100000010000010
00000000000000010100000000100000
00000000000000010100000010100000
00000000000000000000000010100110
00000000000000000000000010000110
00000000000000000100000000100010
00000000000000000100000000000000
00000000000000000000000000000000
00000000000000000000000001000000
00000000000000000100000000000000
00000000000000010100000011000000
00000000000000000000000011000001
00000000000000000000000011000001
00000000000000000100000011000001
00000000000000000000000010000001
00000000000000000000000011000001
00000000000000000100000010000001
00000000000000000100000001000000
00000000000000010100000000000010
00000000000000000000000001000011
00000000000000010000000000000100
00000000000000010100000011000100
00000000000000000100000000000000
00000000000000000000000000000000
00000000000000010100000001000000
00000000000000000100000000000000
00000000000000000100000000000100
00000000000000000000000000000101
00000000000000000000000001000100
00000000000000000100000011000000
00000000000000000000000001000000
00000000000000000100000010000010
00000000000000000100000001000100
00000000000000000000000010000010
00000000000000000000000001000000
00000000000000010000000010000000
00000000000000010100000011100000
00000000000000000000000000100000
00000000000000000100000000100000
00000000000000000100000001100000
00000000000000000100000011000001
00000000000000000100000011000001
00000000000000000000000010000000
00000000000000010000000010000000
00000000000000010000000000000011
00000000000000000000000011000001
00000000000000000000000001000001
00000000000000010100000010100000
00000000000000000000000010100100
00000000000000000100000000100000
00000000000000000000000011000000
00000000000000000100000011100001
00000000000000000100000001100100
00000000000000000000000001100100
00000000000000000000000001100100
00000000000000010000000001000011
00000000000000000100000001100100
00000000000000010100000000100000
00000000000000010000000010000001
00000000000000000100000000100110
00000000000000000000000000000000
00000000000000010100000100000000
00000000000000000100000100000000
00000000000000010000000000000000
00000000000000000100000100000000
00000000000000000100000100000000
00000000000000000000000000000000
00000000000000000000000100000000
00000000000000000100000100000010
00000000000000000000000000000010
00000000000000010100000100000010
00000000000000010100000100000000
00000000000000010100000000000000
00000000000000000000000000000000
00000000000000000100000100000000
00000000000000000100000000000100
00000000000000000000000000000100
00000000000000000100000100000100
00000000000000000100000100000100
00000000000000000100000000000100
00000000000000010000000100000100
00000000000000000100000000000001
00000000000000000100000000000101
00000000000000010000000100000000
00000000000000000100000100000000
00000000000000010000000000000000
00000000000000010000000000000110
00000000000000010000000100000000
00000000000000010000000000100000
00000000000000010000000100000000
00000000000000010100000000000000
00000000000000010000000000000000
00000000000000000100000000100001
00000000000000010100000100100000
00000000000000010000000000100001
00000000000000000100000100100000
00000000000000010100000000100001
00000000000000010100000000000001
00000000000000000100000100000010
00000000000000010100000000000010
00000000000000010100000000100010
00000000000000000100000100000010
00000000000000010000000100000000
00000000000000000100000000000000
00000000000000000100000100000001
00000000000000000000000100000000
00000000000000000000000000000100
00000000000000000000000100100000
00000000000000010100000000100000
00000000000000010000000000000000
00000000000000000000000100100100
00000000000000000100000100100100
00000000000000000000000100000101
00000000000000000000000000000001
00000000000000010000000000100101
00000000000000000000000100100100
00000000000000010100000000100110
00000000000000000000000100100110
00000000000000000000000100000000
00000000000000000000000000100100
00000000000000010000000000100100
00000000000000000000000100000100
00000000000000000100000000100100
00000000000000010000000000100000
00000000000000010100000100000111
00000000000000010100000100000000
00000000000000000000000100000011
00000000000000000100000000100010
00000000000000010100000000100100
00000000000000010000000101000000
00000000000000010000000100000000
00000000000000000100000101000000
00000000000000000000000001000000
00000000000000000000000100000010
00000000000000010000000100000000
00000000000000000000000001000001
00000000000000000100000001000010
00000000000000010100000100000001
00000000000000000000000100000010
00000000000000000100000000000100
00000000000000000000000001000000
00000000000000000000000100000000
00000000000000000100000101000000
00000000000000010100000101000100
00000000000000000000000001000001
00000000000000000000000101000110
00000000000000010000000100000010
00000000000000010000000001000000
00000000000000000100000000000000
00000000000000010100000001000000
00000000000000010000000101100000
00000000000000000000000001000000
00000000000000000100000101100001
00000000000000000100000000000000
00000000000000010100000000100001
00000000000000010000000100100000
00000000000000000100000000000001
00000000000000000000000000000000
00000000000000000000000001100010
00000000000000000100000100000000
00000000000000010000000001100010
00000000000000000000000100100011
00000000000000000100000100100001
00000000000000000100000100100001
00000000000000000100000101000100
00000000000000000000000000000001
00000000000000010100000001000000
00000000000000000000000100100000
00000000000000010000000100100000
00000000000000000000000100000000
00000000000000010000000100100101
00000000000000000000000001000000
00000000000000000000000000000010
00000000000000010100000101100000
00000000000000000100000000000000
00000000000000000000000101000000
00000000000000010100000000100100
00000000000000000000000101000100
00000000000000000100000100100101
00000000000000000000000101000111
00000000000000010000000001000100
00000000000000010000000101000110
00000000000000000100000101100101
00000000000000010000000010000000
00000000000000000000000010000000
00000000000000010000000100000000
00000000000000010100000010000000
00000000000000010000000110000000
00000000000000000000000110000000
00000000000000010000000110000000
00000000000000000100000100000000
00000000000000000000000010000000
00000000000000010100000110000000
00000000000000010000000100000001
00000000000000000000000110000001
00000000000000010000000100000000
00000000000000000100000100000010
00000000000000000100000110000001
00000000000000000000000100000011
00000000000000000100000010000001
00000000000000010000000000000000
00000000000000000000000010000000
00000000000000010000000010000000
00000000000000010100000110000000
00000000000000000000000010000100
00000000000000010100000000000100
00000000000000010000000010000100
00000000000000000100000110000001
00000000000000000100000100000100
00000000000000000100000100000100
00000000000000010000000000000001
00000000000000010100000110000000
00000000000000000000000010000010
00000000000000000000000110000000
00000000000000000100000100000011
00000000000000000100000010000011
00000000000000000100000010000100
00000000000000000100000010000100
00000000000000010000000110000011
00000000000000010000000000000000
00000000000000000000000100100000
00000000000000000000000010000000
00000000000000000000000100000000
00000000000000000000000010000000
00000000000000010100000000000000
00000000000000010100000010000001
00000000000000010100000010100001
00000000000000000000000010000000
00000000000000010100000100100010
00000000000000000000000100100010
00000000000000000000000100100010
00000000000000000100000000100010
00000000000000000100000110100000
00000000000000000000000110100010
00000000000000000000000100000000
00000000000000000000000100000001
00000000000000000100000000100011
00000000000000010100000100100011
00000000000000000100000010100010
00000000000000000000000000000001
00000000000000010100000110000001
00000000000000000000000000000100
00000000000000010100000100000001
00000000000000010000000100000100
00000000000000010000000000100100
00000000000000010100000100100000
00000000000000000100000110000010
00000000000000000000000110000000
00000000000000010100000010000110
00000000000000010100000000000100
00000000000000000100000100000010
00000000000000000100000010000010
00000000000000010100000110100000
00000000000000000000000000100011
00000000000000000000000000000111
00000000000000000000000010100001
00000000000000000000000010000110
00000000000000010100000110100111
00000000000000000100000001000000
00000000000000010100000111000000
00000000000000010100000001000000
00000000000000010100000010000010
00000000000000010100000100000000
00000000000000010100000011000000
00000000000000010000000100000010
00000000000000000000000001000010
00000000000000000000000110000001
00000000000000000100000111000000
00000000000000010100000110000100
00000000000000010000000100000100
00000000000000010000000011000000
00000000000000000000000111000000
00000000000000000000000010000101
00000000000000000100000001000101
00000000000000010100000000000001
00000000000000000000000011000001
00000000000000010100000000000100
00000000000000000100000010000010
00000000000000010100000000000100
00000000000000000000000011000111
00000000000000010000000001000101
00000000000000000100000101000101
00000000000000010000000001000000
00000000000000010000000000100000
00000000000000000100000101100000
00000000000000000100000011100000
00000000000000010100000101100000
00000000000000010000000010000000
00000000000000000100000101000000
00000000000000010100000000000000
00000000000000000000000101000001
00000000000000000100000010000000
00000000000000010100000100000000
00000000000000000000000100100001
00000000000000000100000010100010
00000000000000010100000000100010
00000000000000010000000100100010
00000000000000000000000010000000
00000000000000000000000100000011
00000000000000000000000101100010
00000000000000010000000000100001
00000000000000010100000101000100
00000000000000000000000000000100
00000000000000010100000011000000
00000000000000000100000100000100
00000000000000000100000100100111
00000000000000010100000101100011
00000000000000000100001000000000
00000000000000000100000000000000
00000000000000000100000000000000
00000000000000010000001000000001
00000000000000000100001000000000
00000000000000000100001000000001
00000000000000010100000000000000
00000000000000010000000000000001
00000000000000000100001000000000
00000000000000000000000000000000
00000000000000010100001000000010
00000000000000010000001000000000
00000000000000000000000000000000
00000000000000000100000000000010
00000000000000000100000000000010
00000000000000000000001000000001
00000000000000000100001000000001
00000000000000000000001000000010
00000000000000000100000000000011
00000000000000000000001000000001
00000000000000010100001000000000
00000000000000010100000000000000
00000000000000010000000000000000
00000000000000010100001000000100
00000000000000000100000000000000
00000000000000010000001000000100
00000000000000010000001000000100
00000000000000000000001000000000
00000000000000000000000000000100
00000000000000010100001000000010
00000000000000000000001000000101
00000000000000010000001000000011
00000000000000010000001000000010
00000000000000000100000000000000
00000000000000000100001000000000
00000000000000000100000000000000
00000000000000010100001000100000
00000000000000010000001000100001
00000000000000010000000000000000
00000000000000000100001000100001
00000000000000000100000000000000
00000000000000010000001000100000
00000000000000000100001000100000
00000000000000010000000000000010
00000000000000000100000000000000
00000000000000010100000000000000
00000000000000000100000000100011
00000000000000000100001000000100
00000000000000000000001000000001
00000000000000010100001000000100
00000000000000010100001000000100
00000000000000000100001000100000
00000000000000000100001000000001
00000000000000000100001000100000
00000000000000010100000000000000
00000000000000000000001000100000
00000000000000000000001000000010
00000000000000000000001000000010
00000000000000000000000000100010
00000000000000000000000000000000
00000000000000000000001001000000
00000000000000000100001001000000
