?column?
0000000000001001010001001110011000000101
0000000000001001010001001110011000000110
0000000000001001010001001110011100000001
0000000000001001010001001110011100000010
0000000000001001010001001110011100000011
0000000000001001010001001110011100000100
0000000000001001010001010000000000000001
0000000000001001010001010000000000000010
0000000000001001010001010000000100000001
0000000000001001010001010000001000000001
0000000000001001010001010000001000000010
0000000000001001010001010000001000000011
0000000000001001010001010000001100000001
0000000000001001010001010000001100000010
0000000000001001010001010000001100000011
0000000000001001010001010000001100000100
0000000000001001010001010000001100000101
0000000000001001010001010000001100000110
0000000000001001010001010000010000000001
0000000000001001010001010000010000000010
0000000000001001010001010000010000000011
0000000000001001010001010000010000000100
0000000000001001010001010000010000000101
0000000000001001010001010000010000000110
0000000000001001010001010000010000000111
0000000000001001010001010000010100000001
0000000000001001010001010000010100000010
0000000000001001010001010000010100000011
0000000000001001010001010000010100000100
0000000000001001010001010000011000000001
0000000000001001010001010000011000000010
0000000000001001010001010000011100000001
0000000000001001010001010000011100000010
0000000000001001010001010000011100000011
0000000000001001010001010000011100000100
0000000000001001010001010000011100000101
0000000000001001010001010010000000000001
0000000000001001010001010010000000000010
0000000000001001010001010010000000000011
0000000000001001010001010010000000000100
0000000000001001010001010010000000000101
0000000000001001010001010010000000000110
0000000000001001010001010010000000000111
0000000000001001010001010010000100000001
0000000000001001010001010010000100000010
0000000000001001010001010010000100000011
0000000000001001010001010010000100000100
0000000000001001010001010010000100000101
0000000000001001010001010010000100000110
0000000000001001010001010010001000000001
0000000000001001010001010010001000000010
0000000000001001010001010010001000000011
0000000000001001010001010010001100000001
0000000000001001010001010010001100000010
0000000000001001010001010010001100000011
0000000000001001010001010010001100000100
0000000000001001010001010010001100000101
0000000000001001010001010010001100000110
0000000000001001010001010010010000000001
0000000000001001010001010010010000000010
0000000000001001010001010010010100000001
0000000000001001010001010010010100000010
0000000000001001010001010010010100000011
0000000000001001010001010010010100000100
0000000000001001010001010010010100000101
0000000000001001010001010010010100000110
0000000000001001010001010010011000000001
0000000000001001010001010010011000000010
0000000000001001010001010010011000000011
0000000000001001010001010010011100000001
0000000000001001010001010010011100000010
0000000000001001010001010010011100000011
0000000000001001010001010010011100000100
0000000000001001010001010010011100000101
0000000000001001010001010010011100000110
0000000000001001010001010100000000000001
0000000000001001010001010100000000000010
0000000000001001010001010100000000000011
0000000000001001010001010100000000000100
0000000000001001010001010100000100000001
0000000000001001010001010100001000000001
0000000000001001010001010100001000000010
0000000000001001010001010100001000000011
0000000000001001010001010100001000000100
0000000000001001010001010100001000000101
0000000000001001010001010100001000000110
0000000000001001010001010100001100000001
0000000000001001010001010100001100000010
0000000000001001010001010100001100000011
0000000000001001010001010100010000000001
0000000000001001010001010100010000000010
0000000000001001010001010100010100000001
0000000000001001010001010100010100000010
0000000000001001010001010100010100000011
0000000000001001010001010100010100000100
0000000000001001010001010100010100000101
0000000000001001010001010100010100000110
0000000000001001010001010100010100000111
0000000000001001010001010100011000000001
0000000000001001010001010100011000000010
0000000000001001010001010100011000000011
0000000000001001010001010100011000000100
0000000000001001010001010100011000000101
0000000000001001010001010100011100000001
0000000000001001010001010100011100000010
0000000000001001010001010100011100000011
0000000000001001010001010100011100000100
0000000000001001010001010100011100000101
0000000000001001010001010100011100000110
0000000000001001010001010110000000000001
0000000000001001010001010110000000000010
0000000000001001010001010110000000000011
0000000000001001010001010110000000000100
0000000000001001010001010110000100000001
0000000000001001010001010110000100000010
0000000000001001010001010110000100000011
0000000000001001010001010110000100000100
0000000000001001010001010110000100000101
0000000000001001010001010110001000000001
0000000000001001010001010110001000000010
0000000000001001010001010110001000000011
0000000000001001010001010110001000000100
0000000000001001010001010110001100000001
0000000000001001010001010110001100000010
0000000000001001010001010110001100000011
0000000000001001010001010110001100000100
0000000000001001010001010110001100000101
0000000000001001010001010110001100000110
0000000000001001010001010110001100000111
0000000000001001010001010110010000000001
0000000000001001010001010110010000000010
0000000000001001010001010110010000000011
0000000000001001010001010110010000000100
0000000000001001010001010110010000000101
0000000000001001010001010110010000000110
0000000000001001010001010110010100000001
0000000000001001010001010110010100000010
0000000000001001010001010110010100000011
0000000000001001010001010110010100000100
0000000000001001010001010110010100000101
0000000000001001010001010110010100000110
0000000000001001010001010110010100000111
0000000000001001010001010110011000000001
0000000000001001010001010110011000000010
0000000000001001010001010110011000000011
0000000000001001010001010110011000000100
0000000000001001010001010110011100000001
0000000000001001010001011000000000000001
0000000000001001010001011000000000000010
0000000000001001010001011000000000000011
0000000000001001010001011000000000000100
0000000000001001010001011000000000000101
0000000000001001010001011000000100000001
0000000000001001010001011000000100000010
0000000000001001010001011000000100000011
0000000000001001010001011000000100000100
0000000000001001010001011000001000000001
0000000000001001010001011000001000000010
0000000000001001010001011000001000000011
0000000000001001010001011000001000000100
0000000000001001010001011000001000000101
0000000000001001010001011000001000000110
0000000000001001010001011000001000000111
0000000000001001010001011000001100000001
0000000000001001010001011000001100000010
0000000000001001010001011000001100000011
0000000000001001010001011000010000000001
0000000000001001010001011000010000000010
0000000000001001010001011000010000000011
0000000000001001010001011000010000000100
0000000000001001010001011000010000000101
0000000000001001010001011000010000000110
0000000000001001010001011000010000000111
0000000000001001010001011000010100000001
0000000000001001010001011000010100000010
0000000000001001010001011000010100000011
0000000000001001010001011000010100000100
0000000000001001010001011000010100000101
0000000000001001010001011000010100000110
0000000000001001010001011000011000000001
0000000000001001010001011000011100000001
0000000000001001010001011000011100000010
0000000000001001010001011000011100000011
0000000000001001010001011000011100000100
0000000000001001010001011000011100000101
0000000000001001010001011010000000000001
0000000000001001010001011010000000000010
0000000000001001010001011010000000000011
0000000000001001010001011010000000000100
0000000000001001010001011010000000000101
0000000000001001010001011010000000000110
0000000000001001010001011010000100000001
0000000000001001010001011010000100000010
0000000000001001010001011010000100000011
0000000000001001010001011010001000000001
0000000000001001010001011010001000000010
0000000000001001010001011010001000000011
0000000000001001010001011010001100000001
0000000000001001010001011010001100000010
0000000000001001010001011010001100000011
0000000000001001010001011010001100000100
0000000000001001010001011010001100000101
0000000000001001010001011010001100000110
0000000000001001010001011010010000000001
0000000000001001010001011010010000000010
0000000000001001010001011010010000000011
0000000000001001010001011010010100000001
0000000000001001010001011010010100000010
0000000000001001010001011010011000000001
0000000000001001010001011010011000000010
0000000000001001010001011010011000000011
0000000000001001010001011010011000000100
0000000000001001010001011010011000000101
0000000000001001010001011010011100000001
0000000000001001010001011010011100000010
0000000000001001010001011100000000000001
0000000000001001010001011100000000000010
0000000000001001010001011100000000000011
0000000000001001010001011100000100000001
0000000000001001010001011100000100000010
0000000000001001010001011100000100000011
0000000000001001010001011100000100000100
0000000000001001010001011100000100000101
0000000000001001010001011100000100000110
0000000000001001010001011100000100000111
0000000000001001010001011100001000000001
0000000000001001010001011100001000000010
0000000000001001010001011100001000000011
0000000000001001010001011100001000000100
0000000000001001010001011100001000000101
0000000000001001010001011100001000000110
0000000000001001010001011100001100000001
0000000000001001010001011100001100000010
0000000000001001010001011100001100000011
0000000000001001010001011100010000000001
0000000000001001010001011100010100000001
0000000000001001010001011100010100000010
0000000000001001010001011100010100000011
0000000000001001010001011100010100000100
0000000000001001010001011100011000000001
0000000000001001010001011100011000000010
0000000000001001010001011100011000000011
0000000000001001010001011100011000000100
0000000000001001010001011100011100000001
0000000000001001010001011100011100000010
0000000000001001010001011110000000000001
0000000000001001010001011110000100000001
0000000000001001010001011110000100000010
0000000000001001010001011110000100000011
0000000000001001010001011110000100000100
0000000000001001010001011110001000000001
0000000000001001010001011110001000000010
0000000000001001010001011110001000000011
0000000000001001010001011110001100000001
0000000000001001010001011110001100000010
0000000000001001010001011110010000000001
0000000000001001010001011110010000000010
0000000000001001010001011110010000000011
0000000000001001010001011110010000000100
0000000000001001010001011110010000000101
0000000000001001010001011110010100000001
0000000000001001010001011110010100000010
0000000000001001010001011110010100000011
0000000000001001010001011110010100000100
0000000000001001010001011110010100000101
0000000000001001010001011110010100000110
0000000000001001010001011110011000000001
0000000000001001010001011110011000000010
0000000000001001010001011110011000000011
0000000000001001010001011110011100000001
0000000000001001010001011110011100000010
0000000000001001010001100000000000000001
0000000000001001010001100000000000000010
0000000000001001010001100000000100000001
0000000000001001010001100000001000000001
0000000000001001010001100000001000000010
0000000000001001010001100000001000000011
0000000000001001010001100000001000000100
0000000000001001010001100000001000000101
0000000000001001010001100000001100000001
0000000000001001010001100000001100000010
0000000000001001010001100000010000000001
0000000000001001010001100000010000000010
0000000000001001010001100000010000000011
0000000000001001010001100000010100000001
0000000000001001010001100000010100000010
0000000000001001010001100000010100000011
0000000000001001010001100000010100000100
0000000000001001010001100000010100000101
0000000000001001010001100000010100000110
0000000000001001010001100000010100000111
0000000000001001010001100000011000000001
0000000000001001010001100000011000000010
0000000000001001010001100000011100000001
0000000000001001010001100000011100000010
0000000000001001010001100010000000000001
0000000000001001010001100010000000000010
0000000000001001010001100010000100000001
0000000000001001010001100010000100000010
0000000000001001010001100010000100000011
0000000000001001010001100010001000000001
0000000000001001010001100010001000000010
0000000000001001010001100010001000000011
0000000000001001010001100010001000000100
0000000000001001010001100010001000000101
0000000000001001010001100010001100000001
0000000000001001010001100010001100000010
0000000000001001010001100010001100000011
0000000000001001010001100010001100000100
0000000000001001010001100010010000000001
0000000000001001010001100010010000000010
0000000000001001010001100010010100000001
0000000000001001010001100010011000000001
0000000000001001010001100010011000000010
0000000000001001010001100010011000000011
0000000000001001010001100010011000000100
0000000000001001010001100010011000000101
0000000000001001010001100010011000000110
0000000000001001010001100010011000000111
0000000000001001010001100010011100000001
0000000000001001010001100100000000000001
0000000000001001010001100100000000000010
0000000000001001010001100100000000000011
0000000000001001010001100100000100000001
0000000000001001010001100100000100000010
0000000000001001010001100100000100000011
0000000000001001010001100100000100000100
0000000000001001010001100100000100000101
0000000000001001010001100100000100000110
0000000000001001010001100100001000000001
0000000000001001010001100100001000000010
0000000000001001010001100100001000000011
0000000000001001010001100100001000000100
0000000000001001010001100100001000000101
0000000000001001010001100100001000000110
0000000000001001010001100100001100000001
0000000000001001010001100100001100000010
0000000000001001010001100100001100000011
0000000000001001010001100100010000000001
0000000000001001010001100100010000000010
0000000000001001010001100100010000000011
0000000000001001010001100100010000000100
0000000000001001010001100100010000000101
0000000000001001010001100100010000000110
0000000000001001010001100100010100000001
0000000000001001010001100100010100000010
0000000000001001010001100100010100000011
0000000000001001010001100100010100000100
0000000000001001010001100100010100000101
0000000000001001010001100100011000000001
0000000000001001010001100100011000000010
0000000000001001010001100100011100000001
0000000000001001010001100100011100000010
0000000000001001010001100100011100000011
0000000000001001010001100100011100000100
0000000000001001010001100100011100000101
0000000000001001010001100100011100000110
0000000000001001010001100110000000000001
0000000000001001010001100110000000000010
0000000000001001010001100110000000000011
0000000000001001010001100110000000000100
0000000000001001010001100110000000000101
0000000000001001010001100110000000000110
0000000000001001010001100110000000000111
0000000000001001010001100110000100000001
0000000000001001010001100110001000000001
0000000000001001010001100110001000000010
0000000000001001010001100110001100000001
0000000000001001010001100110001100000010
0000000000001001010001100110001100000011
0000000000001001010001100110010000000001
0000000000001001010001100110010000000010
0000000000001001010001100110010000000011
0000000000001001010001100110010100000001
0000000000001001010001100110010100000010
0000000000001001010001100110010100000011
0000000000001001010001100110011000000001
0000000000001001010001100110011000000010
0000000000001001010001100110011100000001
0000000000001001010001100110011100000010
0000000000001001010001100110011100000011
0000000000001001010001100110011100000100
0000000000001001010001101000000000000001
0000000000001001010001101000000000000010
0000000000001001010001101000000100000001
0000000000001001010001101000000100000010
0000000000001001010001101000000100000011
0000000000001001010001101000000100000100
0000000000001001010001101000000100000101
0000000000001001010001101000001000000001
0000000000001001010001101000001100000001
0000000000001001010001101000001100000010
0000000000001001010001101000001100000011
0000000000001001010001101000001100000100
0000000000001001010001101000010000000001
0000000000001001010001101000010000000010
0000000000001001010001101000010000000011
0000000000001001010001101000010000000100
0000000000001001010001101000010100000001
0000000000001001010001101000010100000010
0000000000001001010001101000011000000001
0000000000001001010001101000011000000010
0000000000001001010001101000011000000011
0000000000001001010001101000011000000100
0000000000001001010001101000011000000101
0000000000001001010001101000011000000110
0000000000001001010001101000011000000111
0000000000001001010001101000011100000001
0000000000001001010001101000011100000010
0000000000001001010001101000011100000011
0000000000001001010001101000011100000100
0000000000001001010001101000011100000101
0000000000001001010001101010000000000001
0000000000001001010001101010000000000010
0000000000001001010001101010000100000001
0000000000001001010001101010000100000010
0000000000001001010001101010000100000011
0000000000001001010001101010000100000100
0000000000001001010001101010001000000001
0000000000001001010001101010001000000010
0000000000001001010001101010001100000001
0000000000001001010001101010001100000010
0000000000001001010001101010001100000011
0000000000001001010001101010010000000001
0000000000001001010001101010010000000010
0000000000001001010001101010010000000011
0000000000001001010001101010010100000001
0000000000001001010001101010010100000010
0000000000001001010001101010010100000011
0000000000001001010001101010011000000001
0000000000001001010001101010011000000010
0000000000001001010001101010011100000001
0000000000001001010001101010011100000010
0000000000001001010001101010011100000011
0000000000001001010001101010011100000100
0000000000001001010001101010011100000101
0000000000001001010001101100000000000001
0000000000001001010001101100000000000010
0000000000001001010001101100000000000011
0000000000001001010001101100000000000100
0000000000001001010001101100000000000101
0000000000001001010001101100000100000001
0000000000001001010001101100000100000010
0000000000001001010001101100000100000011
0000000000001001010001101100000100000100
0000000000001001010001101100001000000001
0000000000001001010001101100001000000010
0000000000001001010001101100001000000011
0000000000001001010001101100001000000100
0000000000001001010001101100001000000101
0000000000001001010001101100001100000001
0000000000001001010001101100001100000010
0000000000001001010001101100001100000011
0000000000001001010001101100010000000001
0000000000001001010001101100010100000001
0000000000001001010001101100010100000010
0000000000001001010001101100010100000011
0000000000001001010001101100010100000100
0000000000001001010001101100010100000101
0000000000001001010001101100010100000110
0000000000001001010001101100010100000111
0000000000001001010001101100011000000001
0000000000001001010001101100011000000010
0000000000001001010001101100011000000011
0000000000001001010001101100011000000100
0000000000001001010001101100011000000101
0000000000001001010001101100011000000110
0000000000001001010001101100011000000111
0000000000001001010001101100011100000001
0000000000001001010001101100011100000010
0000000000001001010001101100011100000011
0000000000001001010001101110000000000001
0000000000001001010001101110000000000010
0000000000001001010001101110000100000001
0000000000001001010001101110000100000010
0000000000001001010001101110000100000011
0000000000001001010001101110000100000100
0000000000001001010001101110000100000101
0000000000001001010001101110000100000110
0000000000001001010001101110001000000001
0000000000001001010001101110001000000010
0000000000001001010001101110001000000011
0000000000001001010001101110001000000100
0000000000001001010001101110001000000101
0000000000001001010001101110001000000110
0000000000001001010001101110001000000111
0000000000001001010001101110001100000001
0000000000001001010001101110010000000001
0000000000001001010001101110010000000010
0000000000001001010001101110010000000011
0000000000001001010001101110010000000100
0000000000001001010001101110010000000101
0000000000001001010001101110010000000110
0000000000001001010001101110010100000001
0000000000001001010001101110010100000010
0000000000001001010001101110010100000011
0000000000001001010001101110010100000100
0000000000001001010001101110011000000001
0000000000001001010001101110011000000010
0000000000001001010001101110011000000011
0000000000001001010001101110011000000100
0000000000001001010001101110011000000101
0000000000001001010001101110011000000110
0000000000001001010001101110011100000001
0000000000001001010001101110011100000010
0000000000001001010001101110011100000011
0000000000001001010001101110011100000100
0000000000001001010001101110011100000101
0000000000001001010001101110011100000110
0000000000001001010001110000000000000001
0000000000001001010001110000000000000010
0000000000001001010001110000000000000011
0000000000001001010001110000000000000100
0000000000001001010001110000000000000101
0000000000001001010001110000000000000110
0000000000001001010001110000000100000001
0000000000001001010001110000000100000010
0000000000001001010001110000001000000001
0000000000001001010001110000001000000010
0000000000001001010001110000001000000011
0000000000001001010001110000001000000100
0000000000001001010001110000001000000101
0000000000001001010001110000001000000110
0000000000001001010001110000001100000001
0000000000001001010001110000001100000010
0000000000001001010001110000001100000011
0000000000001001010001110000010000000001
0000000000001001010001110000010000000010
0000000000001001010001110000010000000011
0000000000001001010001110000010000000100
0000000000001001010001110000010100000001
0000000000001001010001110000011000000001
0000000000001001010001110000011000000010
0000000000001001010001110000011000000011
0000000000001001010001110000011000000100
0000000000001001010001110000011100000001
0000000000001001010001110010000000000001
0000000000001001010001110010000000000010
0000000000001001010001110010000000000011
0000000000001001010001110010000000000100
0000000000001001010001110010000000000101
0000000000001001010001110010000000000110
0000000000001001010001110010000100000001
0000000000001001010001110010000100000010
0000000000001001010001110010000100000011
0000000000001001010001110010001000000001
0000000000001001010001110010001100000001
0000000000001001010001110010001100000010
0000000000001001010001110010001100000011
0000000000001001010001110010001100000100
0000000000001001010001110010001100000101
0000000000001001010001110010010000000001
0000000000001001010001110010010000000010
0000000000001001010001110010010000000011
0000000000001001010001110010010000000100
0000000000001001010001110010010000000101
0000000000001001010001110010010000000110
0000000000001001010001110010010100000001
0000000000001001010001110010010100000010
0000000000001001010001110010010100000011
0000000000001001010001110010010100000100
0000000000001001010001110010011000000001
0000000000001001010001110010011000000010
0000000000001001010001110010011000000011
0000000000001001010001110010011000000100
0000000000001001010001110010011000000101
0000000000001001010001110010011100000001
0000000000001001010001110100000000000001
0000000000001001010001110100000000000010
0000000000001001010001110100000100000001
0000000000001001010001110100000100000010
0000000000001001010001110100000100000011
0000000000001001010001110100000100000100
0000000000001001010001110100000100000101
0000000000001001010001110100001000000001
0000000000001001010001110100001000000010
0000000000001001010001110100001000000011
0000000000001001010001110100001000000100
0000000000001001010001110100001000000101
0000000000001001010001110100001000000110
0000000000001001010001110100001000000111
0000000000001001010001110100001100000001
0000000000001001010001110100001100000010
0000000000001001010001110100001100000011
0000000000001001010001110100001100000100
0000000000001001010001110100001100000101
0000000000001001010001110100010000000001
0000000000001001010001110100010000000010
0000000000001001010001110100010100000001
0000000000001001010001110100010100000010
0000000000001001010001110100010100000011
0000000000001001010001110100010100000100
0000000000001001010001110100010100000101
0000000000001001010001110100010100000110
0000000000001001010001110100010100000111
0000000000001001010001110100011000000001
0000000000001001010001110100011100000001
0000000000001001010001110100011100000010
0000000000001001010001110100011100000011
0000000000001001010001110110000000000001
0000000000001001010001110110000000000010
0000000000001001010001110110000000000011
0000000000001001010001110110000000000100
0000000000001001010001110110000100000001
0000000000001001010001110110000100000010
0000000000001001010001110110001000000001
0000000000001001010001110110001000000010
0000000000001001010001110110001000000011
0000000000001001010001110110001000000100
0000000000001001010001110110001000000101
0000000000001001010001110110001000000110
0000000000001001010001110110001000000111
0000000000001001010001110110001100000001
0000000000001001010001110110001100000010
0000000000001001010001110110001100000011
0000000000001001010001110110001100000100
0000000000001001010001110110010000000001
0000000000001001010001110110010000000010
0000000000001001010001110110010000000011
0000000000001001010001110110010100000001
0000000000001001010001110110010100000010
0000000000001001010001110110010100000011
0000000000001001010001110110010100000100
0000000000001001010001110110010100000101
0000000000001001010001110110010100000110
0000000000001001010001110110011000000001
0000000000001001010001110110011000000010
0000000000001001010001110110011000000011
0000000000001001010001110110011000000100
0000000000001001010001110110011000000101
0000000000001001010001110110011000000110
0000000000001001010001110110011000000111
0000000000001001010001110110011100000001
0000000000001001010001110110011100000010
0000000000001001010001110110011100000011
0000000000001001010001110110011100000100
0000000000001001010001111000000000000001
0000000000001001010001111000000100000001
0000000000001001010001111000000100000010
0000000000001001010001111000000100000011
0000000000001001010001111000000100000100
0000000000001001010001111000000100000101
0000000000001001010001111000000100000110
0000000000001001010001111000001000000001
0000000000001001010001111000001000000010
0000000000001001010001111000001000000011
0000000000001001010001111000001000000100
0000000000001001010001111000001000000101
0000000000001001010001111000001000000110
0000000000001001010001111000001100000001
0000000000001001010001111000001100000010
0000000000001001010001111000001100000011
0000000000001001010001111000001100000100
0000000000001001010001111000001100000101
0000000000001001010001111000001100000110
0000000000001001010001111000010000000001
0000000000001001010001111000010000000010
0000000000001001010001111000010000000011
0000000000001001010001111000010000000100
0000000000001001010001111000010000000101
0000000000001001010001111000010000000110
0000000000001001010001111000010000000111
0000000000001001010001111000010100000001
0000000000001001010001111000010100000010
0000000000001001010001111000010100000011
0000000000001001010001111000011000000001
0000000000001001010001111000011000000010
0000000000001001010001111000011000000011
0000000000001001010001111000011000000100
0000000000001001010001111000011000000101
0000000000001001010001111000011000000110
0000000000001001010001111000011100000001
0000000000001001010001111000011100000010
0000000000001001010001111000011100000011
0000000000001001010001111000011100000100
0000000000001001010001111000011100000101
0000000000001001010001111010000000000001
0000000000001001010001111010000000000010
0000000000001001010001111010000000000011
0000000000001001010001111010000000000100
0000000000001001010001111010000000000101
0000000000001001010001111010000000000110
0000000000001001010001111010000000000111
0000000000001001010001111010000100000001
0000000000001001010001111010000100000010
0000000000001001010001111010000100000011
0000000000001001010001111010000100000100
0000000000001001010001111010001000000001
0000000000001001010001111010001100000001
0000000000001001010001111010001100000010
0000000000001001010001111010001100000011
0000000000001001010001111010010000000001
0000000000001001010001111010010000000010
0000000000001001010001111010010000000011
0000000000001001010001111010010000000100
0000000000001001010001111010010000000101
0000000000001001010001111010010000000110
0000000000001001010001111010010000000111
0000000000001001010001111010010100000001
0000000000001001010001111010010100000010
0000000000001001010001111010011000000001
0000000000001001010001111010011000000010
0000000000001001010001111010011000000011
0000000000001001010001111010011100000001
0000000000001001010001111010011100000010
0000000000001001010001111100000000000001
0000000000001001010001111100000000000010
0000000000001001010001111100000000000011
0000000000001001010001111100000000000100
0000000000001001010001111100000000000101
0000000000001001010001111100000000000110
0000000000001001010001111100000100000001
0000000000001001010001111100000100000010
0000000000001001010001111100000100000011
0000000000001001010001111100001000000001
0000000000001001010001111100001000000010
0000000000001001010001111100001000000011
0000000000001001010001111100001000000100
0000000000001001010001111100001100000001
0000000000001001010001111100001100000010
0000000000001001010001111100010000000001
0000000000001001010001111100010000000010
0000000000001001010001111100010000000011
0000000000001001010001111100010000000100
0000000000001001010001111100010000000101
0000000000001001010001111100010100000001
0000000000001001010001111100010100000010
0000000000001001010001111100010100000011
0000000000001001010001111100010100000100
0000000000001001010001111100010100000101
0000000000001001010001111100011000000001
0000000000001001010001111100011000000010
0000000000001001010001111100011000000011
0000000000001001010001111100011000000100
0000000000001001010001111100011000000101
0000000000001001010001111100011000000110
0000000000001001010001111100011000000111
0000000000001001010001111100011100000001
0000000000001001010001111100011100000010
0000000000001001010001111100011100000011
0000000000001001010001111100011100000100
0000000000001001010001111100011100000101
0000000000001001010001111100011100000110
0000000000001001010001111100011100000111
0000000000001001010001111110000000000001
0000000000001001010001111110000000000010
0000000000001001010001111110000000000011
0000000000001001010001111110000000000100
0000000000001001010001111110000000000101
0000000000001001010001111110000000000110
0000000000001001010001111110000000000111
0000000000001001010001111110000100000001
0000000000001001010001111110000100000010
0000000000001001010001111110000100000011
0000000000001001010001111110000100000100
0000000000001001010001111110000100000101
0000000000001001010001111110000100000110
0000000000001001010001111110001000000001
0000000000001001010001111110001100000001
0000000000001001010001111110001100000010
0000000000001001010001111110001100000011
0000000000001001010001111110010000000001
0000000000001001010001111110010100000001
0000000000001001010001111110011000000001
0000000000001001010001111110011000000010
0000000000001001010001111110011000000011
0000000000001001010001111110011000000100
0000000000001001010001111110011000000101
0000000000001001010001111110011100000001
0000000000001001010010000000000000000001
0000000000001001010010000000000000000010
0000000000001001010010000000000100000001
0000000000001001010010000000000100000010
0000000000001001010010000000000100000011
0000000000001001010010000000001000000001
0000000000001001010010000000001000000010
0000000000001001010010000000001000000011
0000000000001001010010000000001100000001
0000000000001001010010000000010000000001
0000000000001001010010000000010000000010
0000000000001001010010000000010000000011
0000000000001001010010000000010000000100
0000000000001001010010000000010000000101
0000000000001001010010000000010000000110
0000000000001001010010000000010000000111
0000000000001001010010000000010100000001
0000000000001001010010000000010100000010
0000000000001001010010000000010100000011
0000000000001001010010000000010100000100
0000000000001001010010000000010100000101
0000000000001001010010000000010100000110
0000000000001001010010000000011000000001
0000000000001001010010000000011000000010
0000000000001001010010000000011100000001
0000000000001001010010000010000000000001
0000000000001001010010000010000100000001
0000000000001001010010000010000100000010
0000000000001001010010000010000100000011
0000000000001001010010000010000100000100
0000000000001001010010000010001000000001
0000000000001001010010000010001000000010
0000000000001001010010000010001000000011
0000000000001001010010000010001000000100
0000000000001001010010000010001000000101
0000000000001001010010000010001000000110
0000000000001001010010000010001100000001
0000000000001001010010000010001100000010
0000000000001001010010000010001100000011
0000000000001001010010000010001100000100
0000000000001001010010000010001100000101
0000000000001001010010000010001100000110
0000000000001001010010000010010000000001
0000000000001001010010000010010000000010
0000000000001001010010000010010000000011
0000000000001001010010000010010000000100
0000000000001001010010000010010000000101
0000000000001001010010000010010100000001
0000000000001001010010000010010100000010
0000000000001001010010000010011000000001
0000000000001001010010000010011100000001
0000000000001001010010000010011100000010
0000000000001001010010000010011100000011
0000000000001001010010000100000000000001
0000000000001001010010000100000000000010
0000000000001001010010000100000000000011
0000000000001001010010000100000000000100
0000000000001001010010000100000000000101
0000000000001001010010000100000000000110
0000000000001001010010000100000000000111
0000000000001001010010000100000100000001
0000000000001001010010000100000100000010
0000000000001001010010000100000100000011
0000000000001001010010000100001000000001
0000000000001001010010000100001000000010
0000000000001001010010000100001000000011
0000000000001001010010000100001000000100
0000000000001001010010000100001100000001
0000000000001001010010000100010000000001
0000000000001001010010000100010000000010
0000000000001001010010000100010000000011
0000000000001001010010000100010000000100
0000000000001001010010000100010000000101
0000000000001001010010000100010000000110
0000000000001001010010000100010000000111
0000000000001001010010000100010100000001
0000000000001001010010000100010100000010
0000000000001001010010000100010100000011
0000000000001001010010000100010100000100
0000000000001001010010000100011000000001
0000000000001001010010000100011000000010
0000000000001001010010000100011100000001
0000000000001001010010000100011100000010
0000000000001001010010000100011100000011
0000000000001001010010000110000000000001
0000000000001001010010000110000000000010
0000000000001001010010000110000000000011
0000000000001001010010000110000000000100
0000000000001001010010000110000000000101
0000000000001001010010000110000100000001
0000000000001001010010000110000100000010
0000000000001001010010000110000100000011
0000000000001001010010000110000100000100
0000000000001001010010000110001000000001
0000000000001001010010000110001000000010
0000000000001001010010000110001000000011
0000000000001001010010000110001000000100
0000000000001001010010000110001000000101
0000000000001001010010000110001000000110
0000000000001001010010000110001000000111
0000000000001001010010000110001100000001
0000000000001001010010000110001100000010
0000000000001001010010000110001100000011
0000000000001001010010000110001100000100
0000000000001001010010000110010000000001
0000000000001001010010000110010000000010
0000000000001001010010000110010000000011
0000000000001001010010000110010000000100
0000000000001001010010000110010000000101
0000000000001001010010000110010000000110
0000000000001001010010000110010000000111
0000000000001001010010000110010100000001
0000000000001001010010000110010100000010
0000000000001001010010000110010100000011
0000000000001001010010000110010100000100
0000000000001001010010000110010100000101
0000000000001001010010000110010100000110
0000000000001001010010000110011000000001
0000000000001001010010000110011100000001
0000000000001001010010000110011100000010
0000000000001001010010000110011100000011
0000000000001001010010001000000000000001
0000000000001001010010001000000000000010
0000000000001001010010001000000000000011
0000000000001001010010001000000000000100
0000000000001001010010001000000000000101
0000000000001001010010001000000000000110
0000000000001001010010001000000000000111
0000000000001001010010001000000100000001
0000000000001001010010001000000100000010
0000000000001001010010001000000100000011
0000000000001001010010001000000100000100
0000000000001001010010001000001000000001
0000000000001001010010001000001100000001
0000000000001001010010001000001100000010
0000000000001001010010001000001100000011
0000000000001001010010001000001100000100
0000000000001001010010001000010000000001
0000000000001001010010001000010000000010
0000000000001001010010001000010000000011
0000000000001001010010001000010000000100
0000000000001001010010001000010100000001
0000000000001001010010001000010100000010
0000000000001001010010001000010100000011
0000000000001001010010001000010100000100
0000000000001001010010001000010100000101
0000000000001001010010001000010100000110
0000000000001001010010001000011000000001
0000000000001001010010001000011000000010
0000000000001001010010001000011000000011
0000000000001001010010001000011000000100
0000000000001001010010001000011100000001
0000000000001001010010001000011100000010
0000000000001001010010001010000000000001
0000000000001001010010001010000100000001
0000000000001001010010001010000100000010
0000000000001001010010001010000100000011
0000000000001001010010001010000100000100
0000000000001001010010001010000100000101
0000000000001001010010001010001000000001
0000000000001001010010001010001000000010
0000000000001001010010001010001000000011
0000000000001001010010001010001000000100
0000000000001001010010001010001000000101
0000000000001001010010001010001000000110
0000000000001001010010001010001000000111
0000000000001001010010001010001100000001
0000000000001001010010001010001100000010
0000000000001001010010001010001100000011
0000000000001001010010001010001100000100
0000000000001001010010001010001100000101
0000000000001001010010001010010000000001
0000000000001001010010001010010000000010
0000000000001001010010001010010100000001
0000000000001001010010001010010100000010
0000000000001001010010001010010100000011
0000000000001001010010001010010100000100
0000000000001001010010001010011000000001
0000000000001001010010001010011000000010
0000000000001001010010001010011000000011
0000000000001001010010001010011000000100
0000000000001001010010001010011000000101
0000000000001001010010001010011000000110
0000000000001001010010001010011000000111
0000000000001001010010001010011100000001
0000000000001001010010001010011100000010
0000000000001001010010001100000000000001
0000000000001001010010001100000000000010
0000000000001001010010001100000000000011
0000000000001001010010001100000000000100
0000000000001001010010001100000100000001
0000000000001001010010001100000100000010
0000000000001001010010001100001000000001
0000000000001001010010001100001000000010
0000000000001001010010001100001000000011
0000000000001001010010001100001000000100
0000000000001001010010001100001000000101
0000000000001001010010001100001100000001
0000000000001001010010001100001100000010
0000000000001001010010001100001100000011
0000000000001001010010001100001100000100
0000000000001001010010001100001100000101
0000000000001001010010001100001100000110
0000000000001001010010001100001100000111
0000000000001001010010001100010000000001
0000000000001001010010001100010000000010
0000000000001001010010001100010000000011
0000000000001001010010001100010000000100
0000000000001001010010001100010000000101
0000000000001001010010001100010000000110
0000000000001001010010001100010100000001
0000000000001001010010001100010100000010
0000000000001001010010001100010100000011
0000000000001001010010001100010100000100
0000000000001001010010001100011000000001
0000000000001001010010001100011100000001
0000000000001001010010001100011100000010
0000000000001001010010001100011100000011
0000000000001001010010001100011100000100
0000000000001001010010001110000000000001
0000000000001001010010001110000000000010
0000000000001001010010001110000000000011
0000000000001001010010001110000000000100
0000000000001001010010001110000100000001
0000000000001001010010001110000100000010
0000000000001001010010001110000100000011
0000000000001001010010001110000100000100
0000000000001001010010001110000100000101
0000000000001001010010001110001000000001
0000000000001001010010001110001100000001
0000000000001001010010001110001100000010
