?column?
11111111111111111111111111111110
11111111111111111111111111111110
11111111111111111111111111111110
11111111111111111111111111111110
11111111111111111111111111111110
11111111111111111111111111111110
11111111111111111111111111111101
11111111111111111111111111111100
11111111111111111111111111111100
11111111111111111111111111111100
11111111111111111111111111111100
11111111111111111111111111111100
11111111111111111111111111111100
11111111111111111111111111111011
11111111111111111111111111111010
11111111111111111111111111111010
11111111111111111111111111111010
11111111111111111111111111111001
11111111111111111111111111111000
11111111111111111111111111111000
11111111111111111111111111111000
11111111111111111111111111111000
11111111111111111111111111111000
11111111111111111111111111111000
11111111111111111111111111111000
11111111111111111111111111011111
11111111111111111111111111011111
11111111111111111111111111011111
11111111111111111111111111011111
11111111111111111111111111011111
11111111111111111111111111011111
11111111111111111111111111011110
11111111111111111111111111011110
11111111111111111111111111011110
11111111111111111111111111011110
11111111111111111111111111011101
11111111111111111111111111011101
11111111111111111111111111011101
11111111111111111111111111011100
11111111111111111111111111011100
11111111111111111111111111011100
11111111111111111111111111011100
11111111111111111111111111011100
11111111111111111111111111011100
11111111111111111111111111011011
11111111111111111111111111011010
11111111111111111111111111011010
11111111111111111111111111011010
11111111111111111111111111011001
11111111111111111111111111011000
11111111111111111111111111011000
11111111111111111111111111011000
11111111111111111111111111011000
11111111111111111111111111011000
11111111111111111111111111011000
11111111111111111111111110111111
11111111111111111111111110111110
11111111111111111111111110111110
11111111111111111111111110111110
11111111111111111111111110111101
11111111111111111111111110111101
11111111111111111111111110111100
11111111111111111111111110111100
11111111111111111111111110111100
11111111111111111111111110111100
11111111111111111111111110111100
11111111111111111111111110111100
11111111111111111111111110111011
11111111111111111111111110111011
11111111111111111111111110111011
11111111111111111111111110111011
11111111111111111111111110111011
11111111111111111111111110111011
11111111111111111111111110111011
11111111111111111111111110111010
11111111111111111111111110111010
11111111111111111111111110111010
11111111111111111111111110111010
11111111111111111111111110111010
11111111111111111111111110111010
11111111111111111111111110111001
11111111111111111111111110111001
11111111111111111111111110111001
11111111111111111111111110111001
11111111111111111111111110111001
11111111111111111111111110111001
11111111111111111111111110111000
11111111111111111111111110111000
11111111111111111111111110111000
11111111111111111111111110111000
11111111111111111111111110111000
11111111111111111111111110111000
11111111111111111111111110011111
11111111111111111111111110011111
11111111111111111111111110011110
11111111111111111111111110011110
11111111111111111111111110011110
11111111111111111111111110011101
11111111111111111111111110011101
11111111111111111111111110011101
11111111111111111111111110011101
11111111111111111111111110011100
11111111111111111111111110011100
11111111111111111111111110011100
11111111111111111111111110011100
11111111111111111111111110011011
11111111111111111111111110011011
11111111111111111111111110011011
11111111111111111111111110011011
11111111111111111111111110011011
11111111111111111111111110011010
11111111111111111111111110011010
11111111111111111111111110011010
11111111111111111111111110011001
11111111111111111111111110011001
11111111111111111111111110011001
11111111111111111111111110011001
11111111111111111111111110011000
11111111111111111111111110011000
11111111111111111111111110011000
11111111111111111111111110011000
11111111111111111111111101111111
11111111111111111111111101111110
11111111111111111111111101111110
11111111111111111111111101111110
11111111111111111111111101111110
11111111111111111111111101111110
11111111111111111111111101111110
11111111111111111111111101111110
11111111111111111111111101111101
11111111111111111111111101111101
11111111111111111111111101111101
11111111111111111111111101111101
11111111111111111111111101111101
11111111111111111111111101111100
11111111111111111111111101111100
11111111111111111111111101111100
11111111111111111111111101111011
11111111111111111111111101111011
11111111111111111111111101111011
11111111111111111111111101111011
11111111111111111111111101111010
11111111111111111111111101111010
11111111111111111111111101111010
11111111111111111111111101111010
11111111111111111111111101111001
11111111111111111111111101111001
11111111111111111111111101111001
11111111111111111111111101111001
11111111111111111111111101111001
11111111111111111111111101111001
11111111111111111111111101111000
11111111111111111111111101111000
11111111111111111111111101111000
11111111111111111111111101111000
11111111111111111111111101111000
11111111111111111111111101111000
11111111111111111111111101011111
11111111111111111111111101011111
11111111111111111111111101011111
11111111111111111111111101011110
11111111111111111111111101011101
11111111111111111111111101011100
11111111111111111111111101011100
11111111111111111111111101011100
11111111111111111111111101011100
11111111111111111111111101011100
11111111111111111111111101011100
11111111111111111111111101011011
11111111111111111111111101011011
11111111111111111111111101011011
11111111111111111111111101011011
11111111111111111111111101011011
11111111111111111111111101011011
11111111111111111111111101011011
11111111111111111111111101011010
11111111111111111111111101011010
11111111111111111111111101011010
11111111111111111111111101011010
11111111111111111111111101011010
11111111111111111111111101011001
11111111111111111111111101011001
11111111111111111111111101011001
11111111111111111111111101011001
11111111111111111111111101011000
11111111111111111111111101011000
11111111111111111111111100111111
11111111111111111111111100111111
11111111111111111111111100111111
11111111111111111111111100111111
11111111111111111111111100111111
11111111111111111111111100111111
11111111111111111111111100111110
11111111111111111111111100111110
11111111111111111111111100111110
11111111111111111111111100111101
11111111111111111111111100111101
11111111111111111111111100111101
11111111111111111111111100111101
11111111111111111111111100111101
11111111111111111111111100111101
11111111111111111111111100111101
11111111111111111111111100111100
11111111111111111111111100111100
11111111111111111111111100111100
11111111111111111111111100111100
11111111111111111111111100111011
11111111111111111111111100111011
11111111111111111111111100111010
11111111111111111111111100111010
11111111111111111111111100111010
11111111111111111111111100111010
11111111111111111111111100111010
11111111111111111111111100111010
11111111111111111111111100111001
11111111111111111111111100111001
11111111111111111111111100111001
11111111111111111111111100111001
11111111111111111111111100111001
11111111111111111111111100111000
11111111111111111111111100111000
11111111111111111111111100011111
11111111111111111111111100011111
11111111111111111111111100011111
11111111111111111111111100011111
11111111111111111111111100011111
11111111111111111111111100011111
11111111111111111111111100011110
11111111111111111111111100011110
11111111111111111111111100011110
11111111111111111111111100011110
11111111111111111111111100011110
11111111111111111111111100011110
11111111111111111111111100011110
11111111111111111111111100011101
11111111111111111111111100011101
11111111111111111111111100011101
11111111111111111111111100011101
11111111111111111111111100011101
11111111111111111111111100011101
11111111111111111111111100011101
11111111111111111111111100011100
11111111111111111111111100011100
11111111111111111111111100011011
11111111111111111111111100011010
11111111111111111111111100011010
11111111111111111111111100011010
11111111111111111111111100011010
11111111111111111111111100011010
11111111111111111111111100011010
11111111111111111111111100011001
11111111111111111111111100011001
11111111111111111111111100011001
11111111111111111111111100011001
11111111111111111111111100011001
11111111111111111111111100011001
11111111111111111111111100011000
11111111111111111111111100011000
11111111111111111111111100011000
11111111111111111111111100011000
11111111111111111111111011111111
11111111111111111111111011111111
11111111111111111111111011111111
11111111111111111111111011111110
11111111111111111111111011111101
11111111111111111111111011111101
11111111111111111111111011111101
11111111111111111111111011111101
11111111111111111111111011111101
11111111111111111111111011111101
11111111111111111111111011111100
11111111111111111111111011111100
11111111111111111111111011111100
11111111111111111111111011111100
11111111111111111111111011111100
11111111111111111111111011111011
11111111111111111111111011111011
11111111111111111111111011111011
11111111111111111111111011111011
11111111111111111111111011111011
11111111111111111111111011111010
11111111111111111111111011111010
11111111111111111111111011111010
11111111111111111111111011111010
11111111111111111111111011111010
11111111111111111111111011111010
11111111111111111111111011111001
11111111111111111111111011111001
11111111111111111111111011111001
11111111111111111111111011111000
11111111111111111111111011111000
11111111111111111111111011111000
11111111111111111111111011011111
11111111111111111111111011011111
11111111111111111111111011011111
11111111111111111111111011011111
11111111111111111111111011011111
11111111111111111111111011011110
11111111111111111111111011011110
11111111111111111111111011011110
11111111111111111111111011011110
11111111111111111111111011011110
11111111111111111111111011011101
11111111111111111111111011011101
11111111111111111111111011011101
11111111111111111111111011011101
11111111111111111111111011011100
11111111111111111111111011011100
11111111111111111111111011011100
11111111111111111111111011011011
11111111111111111111111011011011
11111111111111111111111011011010
11111111111111111111111011011010
11111111111111111111111011011010
11111111111111111111111011011001
11111111111111111111111011011000
11111111111111111111111011011000
11111111111111111111111011011000
11111111111111111111111011011000
11111111111111111111111010111111
11111111111111111111111010111111
11111111111111111111111010111110
11111111111111111111111010111110
11111111111111111111111010111101
11111111111111111111111010111101
11111111111111111111111010111101
11111111111111111111111010111101
11111111111111111111111010111101
11111111111111111111111010111101
11111111111111111111111010111101
11111111111111111111111010111100
11111111111111111111111010111100
11111111111111111111111010111100
11111111111111111111111010111011
11111111111111111111111010111010
11111111111111111111111010111010
11111111111111111111111010111010
11111111111111111111111010111001
11111111111111111111111010111001
11111111111111111111111010111001
11111111111111111111111010111001
11111111111111111111111010111001
11111111111111111111111010111001
11111111111111111111111010111001
11111111111111111111111010111000
11111111111111111111111010111000
11111111111111111111111010011111
11111111111111111111111010011110
11111111111111111111111010011110
11111111111111111111111010011110
11111111111111111111111010011110
11111111111111111111111010011110
11111111111111111111111010011110
11111111111111111111111010011101
11111111111111111111111010011101
11111111111111111111111010011101
11111111111111111111111010011101
11111111111111111111111010011101
11111111111111111111111010011101
11111111111111111111111010011101
11111111111111111111111010011100
11111111111111111111111010011100
11111111111111111111111010011011
11111111111111111111111010011011
11111111111111111111111010011011
11111111111111111111111010011011
11111111111111111111111010011011
11111111111111111111111010011010
11111111111111111111111010011010
11111111111111111111111010011010
11111111111111111111111010011001
11111111111111111111111010011001
11111111111111111111111010011001
11111111111111111111111010011001
11111111111111111111111010011001
11111111111111111111111010011001
11111111111111111111111010011001
11111111111111111111111010011000
11111111111111111111111010011000
11111111111111111111111010011000
11111111111111111111111010011000
11111111111111111111111010011000
11111111111111111111111010011000
11111111111111111111111001111111
11111111111111111111111001111111
11111111111111111111111001111111
11111111111111111111111001111111
11111111111111111111111001111111
11111111111111111111111001111110
11111111111111111111111001111110
11111111111111111111111001111101
11111111111111111111111001111101
11111111111111111111111001111101
11111111111111111111111001111100
11111111111111111111111001111100
11111111111111111111111001111100
11111111111111111111111001111100
11111111111111111111111001111100
11111111111111111111111001111011
11111111111111111111111001111011
11111111111111111111111001111011
11111111111111111111111001111010
11111111111111111111111001111001
11111111111111111111111001111001
11111111111111111111111001111001
11111111111111111111111001111001
11111111111111111111111001111001
11111111111111111111111001111001
11111111111111111111111001111001
11111111111111111111111001111000
11111111111111111111111001011111
11111111111111111111111001011111
11111111111111111111111001011111
11111111111111111111111001011110
11111111111111111111111001011110
11111111111111111111111001011110
11111111111111111111111001011110
11111111111111111111111001011101
11111111111111111111111001011101
11111111111111111111111001011101
11111111111111111111111001011100
11111111111111111111111001011100
11111111111111111111111001011100
11111111111111111111111001011100
11111111111111111111111001011100
11111111111111111111111001011011
11111111111111111111111001011011
11111111111111111111111001011011
11111111111111111111111001011011
11111111111111111111111001011011
11111111111111111111111001011011
11111111111111111111111001011011
11111111111111111111111001011010
11111111111111111111111001011001
11111111111111111111111001011001
11111111111111111111111001011001
11111111111111111111111001011001
11111111111111111111111001011000
11111111111111111111111000111111
11111111111111111111111000111111
11111111111111111111111000111111
11111111111111111111111000111111
11111111111111111111111000111111
11111111111111111111111000111110
11111111111111111111111000111110
11111111111111111111111000111110
11111111111111111111111000111110
11111111111111111111111000111101
11111111111111111111111000111101
11111111111111111111111000111101
11111111111111111111111000111101
11111111111111111111111000111101
11111111111111111111111000111101
11111111111111111111111000111100
11111111111111111111111000111100
11111111111111111111111000111100
11111111111111111111111000111100
11111111111111111111111000111011
11111111111111111111111000111010
11111111111111111111111000111010
11111111111111111111111000111010
11111111111111111111111000111010
11111111111111111111111000111010
11111111111111111111111000111010
11111111111111111111111000111001
11111111111111111111111000111000
11111111111111111111111000111000
11111111111111111111111000111000
11111111111111111111111000111000
11111111111111111111111000011111
11111111111111111111111000011110
11111111111111111111111000011110
11111111111111111111111000011110
11111111111111111111111000011110
11111111111111111111111000011110
11111111111111111111111000011101
11111111111111111111111000011101
11111111111111111111111000011101
11111111111111111111111000011101
11111111111111111111111000011101
11111111111111111111111000011101
11111111111111111111111000011100
11111111111111111111111000011100
11111111111111111111111000011100
11111111111111111111111000011011
11111111111111111111111000011011
11111111111111111111111000011011
11111111111111111111111000011011
11111111111111111111111000011011
11111111111111111111111000011011
11111111111111111111111000011010
11111111111111111111111000011010
11111111111111111111111000011010
11111111111111111111111000011001
11111111111111111111111000011001
11111111111111111111111000011001
11111111111111111111111000011001
11111111111111111111111000011001
11111111111111111111111000011001
11111111111111111111111000011000
11111111111111111111111000011000
11111111111111111111110111111111
11111111111111111111110111111111
11111111111111111111110111111111
11111111111111111111110111111111
11111111111111111111110111111111
11111111111111111111110111111111
11111111111111111111110111111111
11111111111111111111110111111110
11111111111111111111110111111110
11111111111111111111110111111101
11111111111111111111110111111101
11111111111111111111110111111101
11111111111111111111110111111101
11111111111111111111110111111100
11111111111111111111110111111100
11111111111111111111110111111100
11111111111111111111110111111100
11111111111111111111110111111100
11111111111111111111110111111100
11111111111111111111110111111011
11111111111111111111110111111010
11111111111111111111110111111010
11111111111111111111110111111010
11111111111111111111110111111010
11111111111111111111110111111010
11111111111111111111110111111001
11111111111111111111110111111001
11111111111111111111110111111001
11111111111111111111110111111001
11111111111111111111110111111001
11111111111111111111110111111001
11111111111111111111110111111001
11111111111111111111110111111000
11111111111111111111110111111000
11111111111111111111110111111000
11111111111111111111110111111000
11111111111111111111110111111000
11111111111111111111110111111000
11111111111111111111110111011111
11111111111111111111110111011110
11111111111111111111110111011110
11111111111111111111110111011101
11111111111111111111110111011100
11111111111111111111110111011100
11111111111111111111110111011100
11111111111111111111110111011011
11111111111111111111110111011011
11111111111111111111110111011011
11111111111111111111110111011011
11111111111111111111110111011011
11111111111111111111110111011011
11111111111111111111110111011010
11111111111111111111110111011010
11111111111111111111110111011010
11111111111111111111110111011010
11111111111111111111110111011010
11111111111111111111110111011001
11111111111111111111110111011000
11111111111111111111110111011000
11111111111111111111110111011000
11111111111111111111110110111111
11111111111111111111110110111111
11111111111111111111110110111111
11111111111111111111110110111111
11111111111111111111110110111110
11111111111111111111110110111110
11111111111111111111110110111101
11111111111111111111110110111101
11111111111111111111110110111100
11111111111111111111110110111100
11111111111111111111110110111100
11111111111111111111110110111100
11111111111111111111110110111100
11111111111111111111110110111100
11111111111111111111110110111011
11111111111111111111110110111011
11111111111111111111110110111011
11111111111111111111110110111010
11111111111111111111110110111010
11111111111111111111110110111010
11111111111111111111110110111010
11111111111111111111110110111001
11111111111111111111110110111001
11111111111111111111110110111001
11111111111111111111110110111001
11111111111111111111110110111000
11111111111111111111110110111000
11111111111111111111110110111000
11111111111111111111110110111000
11111111111111111111110110111000
11111111111111111111110110011111
11111111111111111111110110011111
11111111111111111111110110011110
11111111111111111111110110011101
11111111111111111111110110011101
11111111111111111111110110011101
11111111111111111111110110011101
11111111111111111111110110011101
11111111111111111111110110011101
11111111111111111111110110011101
11111111111111111111110110011100
11111111111111111111110110011100
11111111111111111111110110011100
11111111111111111111110110011011
11111111111111111111110110011011
11111111111111111111110110011011
11111111111111111111110110011011
11111111111111111111110110011011
11111111111111111111110110011011
11111111111111111111110110011010
11111111111111111111110110011010
11111111111111111111110110011010
11111111111111111111110110011010
11111111111111111111110110011001
11111111111111111111110110011001
11111111111111111111110110011001
11111111111111111111110110011001
11111111111111111111110110011001
11111111111111111111110110011001
11111111111111111111110110011000
11111111111111111111110101111111
11111111111111111111110101111111
11111111111111111111110101111111
11111111111111111111110101111111
11111111111111111111110101111110
11111111111111111111110101111110
11111111111111111111110101111110
11111111111111111111110101111110
11111111111111111111110101111110
11111111111111111111110101111101
11111111111111111111110101111100
11111111111111111111110101111100
11111111111111111111110101111100
11111111111111111111110101111100
11111111111111111111110101111100
11111111111111111111110101111011
11111111111111111111110101111011
11111111111111111111110101111011
11111111111111111111110101111011
11111111111111111111110101111011
11111111111111111111110101111011
11111111111111111111110101111011
11111111111111111111110101111010
11111111111111111111110101111010
11111111111111111111110101111010
11111111111111111111110101111010
11111111111111111111110101111010
11111111111111111111110101111010
11111111111111111111110101111010
11111111111111111111110101111001
11111111111111111111110101111001
11111111111111111111110101111001
11111111111111111111110101111001
11111111111111111111110101111001
11111111111111111111110101111001
11111111111111111111110101111000
11111111111111111111110101111000
11111111111111111111110101111000
11111111111111111111110101011111
11111111111111111111110101011111
11111111111111111111110101011111
11111111111111111111110101011110
11111111111111111111110101011101
11111111111111111111110101011101
11111111111111111111110101011100
11111111111111111111110101011100
11111111111111111111110101011100
11111111111111111111110101011100
11111111111111111111110101011100
11111111111111111111110101011011
11111111111111111111110101011011
11111111111111111111110101011011
11111111111111111111110101011011
11111111111111111111110101011011
11111111111111111111110101011011
11111111111111111111110101011011
11111111111111111111110101011010
11111111111111111111110101011010
11111111111111111111110101011010
11111111111111111111110101011010
11111111111111111111110101011010
11111111111111111111110101011001
11111111111111111111110101011001
11111111111111111111110101011001
11111111111111111111110101011001
11111111111111111111110101011001
11111111111111111111110101011001
11111111111111111111110101011000
11111111111111111111110100111111
11111111111111111111110100111111
11111111111111111111110100111110
11111111111111111111110100111110
11111111111111111111110100111101
11111111111111111111110100111100
11111111111111111111110100111100
11111111111111111111110100111011
11111111111111111111110100111011
11111111111111111111110100111011
11111111111111111111110100111011
11111111111111111111110100111011
11111111111111111111110100111011
11111111111111111111110100111010
11111111111111111111110100111010
11111111111111111111110100111010
11111111111111111111110100111010
11111111111111111111110100111001
11111111111111111111110100111001
11111111111111111111110100111001
11111111111111111111110100111001
11111111111111111111110100111001
11111111111111111111110100111001
11111111111111111111110100111001
11111111111111111111110100111000
11111111111111111111110100111000
11111111111111111111110100111000
11111111111111111111110100111000
11111111111111111111110100011111
11111111111111111111110100011111
11111111111111111111110100011111
11111111111111111111110100011111
11111111111111111111110100011111
11111111111111111111110100011110
11111111111111111111110100011101
11111111111111111111110100011101
11111111111111111111110100011101
11111111111111111111110100011101
11111111111111111111110100011101
11111111111111111111110100011100
11111111111111111111110100011100
11111111111111111111110100011100
11111111111111111111110100011100
11111111111111111111110100011100
11111111111111111111110100011011
11111111111111111111110100011011
11111111111111111111110100011011
11111111111111111111110100011010
11111111111111111111110100011010
11111111111111111111110100011001
11111111111111111111110100011001
11111111111111111111110100011001
11111111111111111111110100011001
11111111111111111111110100011001
11111111111111111111110100011001
11111111111111111111110100011000
11111111111111111111110011111111
11111111111111111111110011111111
11111111111111111111110011111111
11111111111111111111110011111111
11111111111111111111110011111111
11111111111111111111110011111111
11111111111111111111110011111111
11111111111111111111110011111110
11111111111111111111110011111110
11111111111111111111110011111101
11111111111111111111110011111101
11111111111111111111110011111100
11111111111111111111110011111100
11111111111111111111110011111100
11111111111111111111110011111100
11111111111111111111110011111100
11111111111111111111110011111100
11111111111111111111110011111011
11111111111111111111110011111011
11111111111111111111110011111011
11111111111111111111110011111011
11111111111111111111110011111011
11111111111111111111110011111010
11111111111111111111110011111010
11111111111111111111110011111010
11111111111111111111110011111010
11111111111111111111110011111010
11111111111111111111110011111010
11111111111111111111110011111001
11111111111111111111110011111001
11111111111111111111110011111001
11111111111111111111110011111001
11111111111111111111110011111001
11111111111111111111110011111001
11111111111111111111110011111000
11111111111111111111110011111000
11111111111111111111110011111000
11111111111111111111110011011111
11111111111111111111110011011111
11111111111111111111110011011111
11111111111111111111110011011110
11111111111111111111110011011110
11111111111111111111110011011110
11111111111111111111110011011110
11111111111111111111110011011110
11111111111111111111110011011110
11111111111111111111110011011110
11111111111111111111110011011101
11111111111111111111110011011101
11111111111111111111110011011101
11111111111111111111110011011101
11111111111111111111110011011101
11111111111111111111110011011100
11111111111111111111110011011100
11111111111111111111110011011011
11111111111111111111110011011011
11111111111111111111110011011011
11111111111111111111110011011011
11111111111111111111110011011010
11111111111111111111110011011010
11111111111111111111110011011010
11111111111111111111110011011010
11111111111111111111110011011001
11111111111111111111110011011001
11111111111111111111110011011001
11111111111111111111110011011000
11111111111111111111110011011000
11111111111111111111110011011000
11111111111111111111110011011000
11111111111111111111110011011000
11111111111111111111110011011000
11111111111111111111110011011000
11111111111111111111110010111111
11111111111111111111110010111111
11111111111111111111110010111110
11111111111111111111110010111110
11111111111111111111110010111110
11111111111111111111110010111101
11111111111111111111110010111101
11111111111111111111110010111100
11111111111111111111110010111100
11111111111111111111110010111011
11111111111111111111110010111011
11111111111111111111110010111011
11111111111111111111110010111010
11111111111111111111110010111010
11111111111111111111110010111001
11111111111111111111110010111001
11111111111111111111110010111001
11111111111111111111110010111001
11111111111111111111110010111000
11111111111111111111110010111000
11111111111111111111110010011111
11111111111111111111110010011111
11111111111111111111110010011111
11111111111111111111110010011110
11111111111111111111110010011110
11111111111111111111110010011110
11111111111111111111110010011110
11111111111111111111110010011101
11111111111111111111110010011100
11111111111111111111110010011011
11111111111111111111110010011011
11111111111111111111110010011011
11111111111111111111110010011011
11111111111111111111110010011011
11111111111111111111110010011011
11111111111111111111110010011010
11111111111111111111110010011010
11111111111111111111110010011001
11111111111111111111110010011001
11111111111111111111110010011000
11111111111111111111110010011000
11111111111111111111110010011000
11111111111111111111110010011000
11111111111111111111110010011000
11111111111111111111110010011000
11111111111111111111110010011000
11111111111111111111110001111111
11111111111111111111110001111111
11111111111111111111110001111111
11111111111111111111110001111111
11111111111111111111110001111111
11111111111111111111110001111111
11111111111111111111110001111111
11111111111111111111110001111110
11111111111111111111110001111110
11111111111111111111110001111110
11111111111111111111110001111110
11111111111111111111110001111101
11111111111111111111110001111101
11111111111111111111110001111101
11111111111111111111110001111101
11111111111111111111110001111100
11111111111111111111110001111100
11111111111111111111110001111100
11111111111111111111110001111100
11111111111111111111110001111100
11111111111111111111110001111100
11111111111111111111110001111100
11111111111111111111110001111011
11111111111111111111110001111011
11111111111111111111110001111011
11111111111111111111110001111010
11111111111111111111110001111010
11111111111111111111110001111010
11111111111111111111110001111010
11111111111111111111110001111001
11111111111111111111110001111001
11111111111111111111110001111001
11111111111111111111110001111000
11111111111111111111110001111000
11111111111111111111110001111000
11111111111111111111110001111000
11111111111111111111110001111000
11111111111111111111110001111000
11111111111111111111110001011111
11111111111111111111110001011111
11111111111111111111110001011111
11111111111111111111110001011111
11111111111111111111110001011111
11111111111111111111110001011111
11111111111111111111110001011111
11111111111111111111110001011110
11111111111111111111110001011110
11111111111111111111110001011110
11111111111111111111110001011110
11111111111111111111110001011101
11111111111111111111110001011101
11111111111111111111110001011101
11111111111111111111110001011101
11111111111111111111110001011101
11111111111111111111110001011101
11111111111111111111110001011101
11111111111111111111110001011100
11111111111111111111110001011100
11111111111111111111110001011100
11111111111111111111110001011100
11111111111111111111110001011011
11111111111111111111110001011010
11111111111111111111110001011010
11111111111111111111110001011010
11111111111111111111110001011001
11111111111111111111110001011000
11111111111111111111110001011000
11111111111111111111110001011000
11111111111111111111110001011000
11111111111111111111110001011000
11111111111111111111110001011000
11111111111111111111110000111111
11111111111111111111110000111111
11111111111111111111110000111111
11111111111111111111110000111110
11111111111111111111110000111110
11111111111111111111110000111110
11111111111111111111110000111110
11111111111111111111110000111110
11111111111111111111110000111110
11111111111111111111110000111101
11111111111111111111110000111101
11111111111111111111110000111101
11111111111111111111110000111101
11111111111111111111110000111101
11111111111111111111110000111101
11111111111111111111110000111100
11111111111111111111110000111100
11111111111111111111110000111011
11111111111111111111110000111011
11111111111111111111110000111011
11111111111111111111110000111011
11111111111111111111110000111010
11111111111111111111110000111010
11111111111111111111110000111001
11111111111111111111110000111001
11111111111111111111110000111001
11111111111111111111110000111001
11111111111111111111110000111000
11111111111111111111110000111000
11111111111111111111110000111000
11111111111111111111110000111000
11111111111111111111110000111000
11111111111111111111110000111000
11111111111111111111110000111000
11111111111111111111110000011111
11111111111111111111110000011111
11111111111111111111110000011111
11111111111111111111110000011111
11111111111111111111110000011111
11111111111111111111110000011111
11111111111111111111110000011110
11111111111111111111110000011110
11111111111111111111110000011110
11111111111111111111110000011110
11111111111111111111110000011110
11111111111111111111110000011110
11111111111111111111110000011110
11111111111111111111110000011101
11111111111111111111110000011101
11111111111111111111110000011101
11111111111111111111110000011101
11111111111111111111110000011100
11111111111111111111110000011100
11111111111111111111110000011100
11111111111111111111110000011100
11111111111111111111110000011100
11111111111111111111110000011011
11111111111111111111110000011010
11111111111111111111110000011010
11111111111111111111110000011001
11111111111111111111110000011001
11111111111111111111110000011001
11111111111111111111110000011001
11111111111111111111110000011001
11111111111111111111110000011000
11111111111111111111110000011000
