?column?
00000000000010010110110110101101
00000000000010010011111111110100
00000000000010011011101111100110
00000000000010010010100010110111
00000000000010111110010010111101
00000000000010011011100110111111
00000000000010010011011111111101
00000000000010011111011110110101
00000000000010010010100010100101
00000000000010111011100110101111
00000000000010111011100010100110
00000000000010010011011111101111
00000000000010010110101011101111
00000000000010111111100111100111
00000000000010010011011110100111
00000000000010111111010011111111
00000000000010010010001111001000
00000000000010011010110111111111
00000000000010111111000011100111
00000000000010010010111011101101
00000000000010010110000111001101
00000000000010110111000011100111
00000000000010110110100111110111
00000000000010110111011111011010
00000000000010110010010011110010
00000000000010110110010111001111
00000000000010011011001011010011
00000000000010010110001011111011
00000000000010111011100011010011
00000000000010010110011011101011
00000000000010111010100011010011
00000000000010010011001111100111
00000000000010110111001011100101
00000000000010011010111111100111
00000000000010011110111011110100
00000000000010010110101011111100
00000000000010111111100111100101
00000000000010010011101011000101
00000000000010011010000111000111
00000000000010011110001011111111
00000000000010011111100111000111
00000000000010111110101011011111
00000000000010011011111011010111
00000000000010010111001111101111
00000000000010010010011111100111
00000000000010110111111011101111
00000000000010111110101011101000
00000000000010011110110111110110
00000000000010010011110011101100
00000000000010010011111011110001
00000000000010011010011011100010
00000000000010111010101011111011
00000000000010110010101111100101
00000000000010011010101111100101
00000000000010110111011111111101
00000000000010010110000111100101
00000000000010010011110111101011
00000000000010011111010111100010
00000000000010111011001111111111
00000000000010010110100111110011
00000000000010011111111111111110
00000000000010110111001011101011
00000000000010011111000111110111
00000000000010010111111011101100
00000000000010111011111011100101
00000000000010111010010111101101
00000000000010110010110011111101
00000000000010010111000111110111
00000000000010010110100111110101
00000000000010111110110011110110
00000000000010011010101111100101
00000000000010110110010011101101
00000000000010011110110111101101
00000000000010010011111111111111
00000000000010111011010011111111
00000000000010011010000011110111
00000000000010111110001111101110
00000000000010111111100111110110
00000000000010010010100011100110
00000000000010010010010011110110
00000000000010011110011011111111
00000000000010110110000111110111
00000000000010010110000011101111
00000000000010010011100111111000
00000000000010110010010101000011
00000000000010011010000111101111
00000000000010110011001100010111
00000000000010010111111100101110
00000000000010011110011110010111
00000000000010111110011111100111
00000000000010010110111111011100
00000000000010110110010111000111
00000000000010011010111111110101
00000000000010011110100111011110
00000000000010110110011101101111
00000000000010010010100110101111
00000000000010111111011101011110
00000000000010010110111111011111
00000000000010010010000111111111
00000000000010011110000101110111
00000000000010010011001111110110
00000000000010010110110110111101
00000000000010110010011101111101
00000000000010010110001101110011
00000000000010110010101111100001
00000000000010110010000101100111
00000000000010011111000101101011
00000000000010010111100101101011
00000000000010110011001110110111
00000000000010010111101110101011
00000000000010010010110100110011
00000000000010011110011100111111
00000000000010010010111110111110
00000000000010011010000110101101
00000000000010111011001101100110
00000000000010010010011111101100
00000000000010010111100110111101
00000000000010111010011100110111
00000000000010010110100101100110
00000000000010010111000101101110
00000000000010011011101110101111
00000000000010111011011100111110
00000000000010011010000101101111
00000000000010011010001100110111
00000000000010010011110101110111
00000000000010011011101100100111
00000000000010011010000100100111
00000000000010011011101101110111
00000000000010011110011111010000
00000000000010111010010101100000
00000000000010011111011111011010
00000000000010011111010101010111
00000000000010010011011101011001
00000000000010010010100111110011
00000000000010011011100111000011
00000000000010011011111111011010
00000000000010010010101111100011
00000000000010011010111111010111
00000000000010010110110101001111
00000000000010111111011111011111
00000000000010010110110111100110
00000000000010110010010111000101
00000000000010011110000111111111
00000000000010110010000101101101
00000000000010010010101111101101
00000000000010110011010101111111
00000000000010110010100101011101
00000000000010111111100111010111
00000000000010010010010101101101
00000000000010011110100111101111
00000000000010010010010111100110
00000000000010010010011111100110
00000000000010010011101101001111
00000000000010011111110111100111
00000000000010011010001111001111
00000000000010010010001111101110
00000000000010111011011111100101
00000000000010011011010111100111
00000000000010010110001101110010
00000000000010111111011111110110
00000000000010111110010101100111
00000000000010011110110101110011
00000000000010011011010101111011
00000000000010010011010111101011
00000000000010110010110111100101
00000000000010011011101101101110
00000000000010110011011111110101
00000000000010110110000101111110
00000000000010011110101101111100
00000000000010011011110101101101
00000000000010110110011101101111
00000000000010010110111111101101
00000000000010110010010101101101
00000000000010010110101101100110
00000000000010011111101101100111
00000000000010111110101101111111
00000000000010011110000101100111
00000000000010010011001111111111
00000000000010011111111111100111
00000000000010010110011110010000
00000000000010111111001110010110
00000000000010111010100110100111
00000000000010011010100111110101
00000000000010110010001111011101
00000000000010010011000111010011
00000000000010011010011110110011
00000000000010010111111111100111
00000000000010010011111110110111
00000000000010010010011110011011
00000000000010110110101110011110
00000000000010111111010111101101
00000000000010111010000111001111
00000000000010011011000110100111
00000000000010011010001111101110
00000000000010010110000110111110
00000000000010110011000111011111
00000000000010011111000110100110
00000000000010110111110110111110
00000000000010111110010110011110
00000000000010011010101110011110
00000000000010010110011111101111
00000000000010111111101111100111
00000000000010011011011111100111
00000000000010010111000111000111
00000000000010011110000111010111
00000000000010010111000110111111
00000000000010011110101111111101
00000000000010010011001110111010
00000000000010111110001110110111
00000000000010110010100111110111
00000000000010111110010110100001
00000000000010011010101110111010
00000000000010011011001111100010
00000000000010110111100111111010
00000000000010111010000110111010
00000000000010110010000111100010
00000000000010110110100110110011
00000000000010011010000111111111
00000000000010011010111111110011
00000000000010010010010110100011
00000000000010110110000111110011
00000000000010010011011111100011
00000000000010110010110111111011
00000000000010011110100110100111
00000000000010110011100111101110
00000000000010010010100111101101
00000000000010011111001110111101
00000000000010110110001110111101
00000000000010110010100110101101
00000000000010111010101111101101
00000000000010111111101111110111
00000000000010010110001111101111
00000000000010010010110111101101
00000000000010010111100111101101
00000000000010111110111111110101
00000000000010010111101111111110
00000000000010110111100111110111
00000000000010110010000111111111
00000000000010010110010111111110
00000000000010011011111110101111
00000000000010011111110110101111
00000000000010011011000110111111
00000000000010010010000111110111
00000000000010011010010111111111
00000000000010011011011110110111
00000000000010011110010111110110
00000000000010010011001111010000
00000000000010011110101111101011
00000000000010110111001111000011
00000000000010010111000111100001
00000000000010010010101111111010
00000000000010110011000111000011
00000000000010011111100111000011
00000000000010010111010111001111
00000000000010010010100111100110
00000000000010111110110111101111
00000000000010111011000111101111
00000000000010010010001111011110
00000000000010011010101111110101
00000000000010011111101111000101
00000000000010110010101111101111
00000000000010111110101111110111
00000000000010010011111111101110
00000000000010011010111111110110
00000000000010011010100111111110
00000000000010111011001111111110
00000000000010010111001111010111
00000000000010011110100111101111
00000000000010010111001111101011
00000000000010111011101111100001
00000000000010111010100111100110
00000000000010011110010111100010
00000000000010010011101111110111
00000000000010011010001111110111
00000000000010110011000111100111
00000000000010011111011111101100
00000000000010010110100111100111
00000000000010111011011111111101
00000000000010110111010111110111
00000000000010110110011111100101
00000000000010111110101111100111
00000000000010110110111111111111
00000000000010010010000111100111
00000000000010010011100111110111
00000000000010010011011111111110
00000000000010010110010111111111
00000000000010010110100111110111
00000000000010011111011111110110
00000000000010010011101111111111
00000000000010010010010111101111
00000000000010111011010111100111
00000000000010111110011001111000
00000000000010011011011011111111
00000000000010010010111110100010
00000000000010011110001111110001
00000000000010011011101001001101
00000000000010110110001100110110
00000000000010111010001001011010
00000000000010011110001011000011
00000000000010110111111111110001
00000000000010010111111001001011
00000000000010110011001111001110
00000000000010010110111010110010
00000000000010010110101100110111
00000000000010011010111000110111
00000000000010110010001101001011
00000000000010011010111100010111
00000000000010011010011001110011
00000000000010010010001010000101
00000000000010110111111011110101
00000000000010111110111000101101
00000000000010010110011001011111
00000000000010110110011001000111
00000000000010010011001000001101
00000000000010011011011011111111
00000000000010110110111011001110
00000000000010111110111010000111
00000000000010010110111100111111
00000000000010011010101111001111
00000000000010010110001001011111
00000000000010010110011111100111
00000000000010011010001000111111
00000000000010010110101110000111
00000000000010011010001101100011
00000000000010110110111011100111
00000000000010010111001110111110
00000000000010010111011010100011
00000000000010010010001101100100
00000000000010011111001110110100
00000000000010110010111111111001
00000000000010010111111111110101
00000000000010010111111101111010
00000000000010110010101011110110
00000000000010110011111011100111
00000000000010010011101011101011
00000000000010110111101000110011
00000000000010011111111011111111
00000000000010111010101111101111
00000000000010110010001011100111
00000000000010110110001111100111
00000000000010010011001001111110
00000000000010111010111011110110
00000000000010010011101111110111
00000000000010111111101100111111
00000000000010011110001011110101
00000000000010011011011101100101
00000000000010010011111110111101
00000000000010010011111000110101
00000000000010010111101101101101
00000000000010010010011011100101
00000000000010010010001010101111
00000000000010010111011001100110
00000000000010010011111010110111
00000000000010110111101101110110
00000000000010110010001110101111
00000000000010011111011001100111
00000000000010110111101111101111
00000000000010110110011100110111
00000000000010111110111001110111
00000000000010010110001101001011
00000000000010010010101001010000
00000000000010110111101101110111
00000000000010011110011001000011
00000000000010011011101111010111
00000000000010010111101011110110
00000000000010011110001101100111
00000000000010011110001011100101
00000000000010110010001011110101
00000000000010110111101101110011
00000000000010011111001001101111
00000000000010111010111111110111
00000000000010111010011111001010
00000000000010010011001101110111
00000000000010011110101001011111
00000000000010010110011101110111
00000000000010110011111111000111
00000000000010011010101111011111
00000000000010010010101111100011
00000000000010111011101001111111
00000000000010011110111011101111
00000000000010010010001111001110
00000000000010010110101111010101
00000000000010111111011101101110
00000000000010110110101011010111
00000000000010111110011101011111
00000000000010011110011111111101
00000000000010111011001111100111
00000000000010110011001011110111
00000000000010111011111101100101
00000000000010111111111101001111
00000000000010010011101111100111
00000000000010111011101001000110
00000000000010011010001101100111
00000000000010110110001001100111
00000000000010011011011011010111
00000000000010111011101111110111
00000000000010010110101001011111
00000000000010010111011111110111
00000000000010010011001101101111
00000000000010011110011011101000
00000000000010110011111101101000
00000000000010011110001011110110
00000000000010010011011001100010
00000000000010010010001111111011
00000000000010011011011111110101
00000000000010111111101001100011
00000000000010011110011101101111
00000000000010111111001011111001
00000000000010011111101011101011
00000000000010110110011011100101
00000000000010110010111011100111
00000000000010010111101111110111
00000000000010010110011011100010
00000000000010010110011001110111
00000000000010111110011011101011
00000000000010010011001101101111
00000000000010011010101101111111
00000000000010111111111111111111
00000000000010010111011001110100
00000000000010010011011001100110
00000000000010111010001111101100
00000000000010011010101101101101
00000000000010110110001011101110
00000000000010010110111111100101
00000000000010010111111011110111
00000000000010011011101011100101
00000000000010010011001011101111
00000000000010011010011001100110
00000000000010111011001001101110
00000000000010011111111001101110
00000000000010111111011011100111
00000000000010010110001101100111
00000000000010011011001111100111
00000000000010011011101111101101
00000000000010110110111111101100
00000000000010011110001010100010
00000000000010010011101111100101
00000000000010010011001110011010
00000000000010011110001011101001
00000000000010110011111111100001
00000000000010010010101010111001
00000000000010111111011010100011
00000000000010011111101111010111
00000000000010110010011010110001
00000000000010111010001011010011
00000000000010010110011010100011
00000000000010111110011111011110
00000000000010011011101111110111
00000000000010010010011110101010
00000000000010010011111110101111
00000000000010010010001110111011
00000000000010010110011111001110
00000000000010010011001110001111
00000000000010110010101010100111
00000000000010011110101010110011
00000000000010010010111010111111
00000000000010110111111010100011
00000000000010111011001010000011
00000000000010111010111010111110
00000000000010110010101111001101
00000000000010010110101110100100
00000000000010010111101110101110
00000000000010110010001011110111
00000000000010010010101110101111
00000000000010011010111110110101
00000000000010011011111011000111
00000000000010011010101010111111
00000000000010010011001110000111
00000000000010010111111011111111
00000000000010110111101111011111
00000000000010010110101010110111
00000000000010011110001111100111
00000000000010011110011110001110
00000000000010010110011010110111
00000000000010011010011010111111
00000000000010010110011111111111
00000000000010011111001111111111
00000000000010010111111111010111
00000000000010010110011110010111
00000000000010010111111111110110
00000000000010010010101010111111
00000000000010111111001010101001
00000000000010011110011011110001
00000000000010111110011111110101
00000000000010011011011011111111
00000000000010011010111011111111
00000000000010010010001010101101
00000000000010010111111111110101
00000000000010111011011110111111
00000000000010111111111011101110
00000000000010110010101011111011
00000000000010010111101110110111
00000000000010011011011110110111
00000000000010010110011111101111
00000000000010010011011111111111
00000000000010111011101110101111
00000000000010110110001111101111
00000000000010010010111111101111
00000000000010011011111110101011
00000000000010010111001110110011
00000000000010010010001111111011
00000000000010010011011010101101
00000000000010010111011110110110
00000000000010011110011010111110
00000000000010010111001011111101
00000000000010010110101011110110
00000000000010011011111110111111
00000000000010011111001111101101
00000000000010010110101110100111
00000000000010010111111011111110
00000000000010010010001110100110
00000000000010011110011010111111
00000000000010010110011111110111
00000000000010011010011111100110
00000000000010110110001111010111
00000000000010010011111011101001
00000000000010111110001111010010
00000000000010111010101011101001
00000000000010011011001111100110
00000000000010110010101011001000
00000000000010010111011011000011
00000000000010011110101111011110
00000000000010010110111011110010
00000000000010110110011011011011
00000000000010010010011011101111
00000000000010010111001111110110
00000000000010011011101111111101
00000000000010110010101111111111
00000000000010011111111111000110
00000000000010111110011111001100
00000000000010111011111011011111
00000000000010110011011011011101
00000000000010010110111111000111
00000000000010010110011111111101
00000000000010011110001111010101
00000000000010011011111011101111
00000000000010011111011111001101
00000000000010111110101111001110
00000000000010111011001011000111
00000000000010111110001111000110
00000000000010110011111111101111
00000000000010010011011111100111
00000000000010111110001111010111
00000000000010011011011011110111
00000000000010011111111111011111
00000000000010011011011111000111
00000000000010011110101011101111
00000000000010111011111011001111
00000000000010011111001111111110
00000000000010010111011111110000
00000000000010010110111111111100
00000000000010011111011111101000
00000000000010011111111111110010
00000000000010011111011011110111
00000000000010110010001111111101
00000000000010010010111011111001
00000000000010010011101011110111
00000000000010110010111011101011
00000000000010110010101111100010
00000000000010111010001011100111
00000000000010011010001111111011
00000000000010010110101111110010
00000000000010010111101111100110
00000000000010011011001111101111
00000000000010011010101011111111
00000000000010010111111011110011
00000000000010010011001111110111
00000000000010011011111111110100
00000000000010011011011111110111
00000000000010010010001111111111
00000000000010011010001111110111
00000000000010110011101111100111
00000000000010111010111111100101
00000000000010011110011011100111
00000000000010111011011011111110
00000000000010010010111011111110
00000000000010010110101111111111
00000000000010010010111111110111
00000000000010010010111111100111
00000000000010010011101011110111
00000000000010111110011111110111
00000000000010010111101011110111
00000000000010111110111100101110
00000000000010110111111101101011
00000000000010011110001100000101
00000000000010011110111110100101
00000000000010010010001100111001
00000000000010010111001111101011
00000000000010011011101100111001
00000000000010011111001100100011
00000000000010110010101100011010
00000000000010010010011101001110
00000000000010010110011111011111
00000000000010010011111111111111
00000000000010110111001100101111
00000000000010111010001101000111
00000000000010010111111100111111
00000000000010111111101100111111
00000000000010010010101101011111
00000000000010011011101110101011
00000000000010111011111100110100
00000000000010010111011100110111
00000000000010011010101100101111
00000000000010011011111101000111
00000000000010111110111100010101
00000000000010110010001110101110
00000000000010010110001101100101
00000000000010010010011110011101
00000000000010010110001100000101
00000000000010111011101111000111
00000000000010110011111110101101
00000000000010010110101110000101
00000000000010010111011111011111
00000000000010110010001111010111
00000000000010011110001101100001
00000000000010011110111100100001
00000000000010111110101101100001
00000000000010011111101101101011
00000000000010011111001101110010
00000000000010010010011101111010
00000000000010010111011111111000
00000000000010010011111110111101
00000000000010110011011100100110
00000000000010011111001111100010
00000000000010011111011101101110
00000000000010010011011101111111
00000000000010110010011100111111
00000000000010110111011101101011
00000000000010110011001110110111
00000000000010111010001100111111
00000000000010010010111100101110
00000000000010110010011110111101
00000000000010010010011110101111
00000000000010011110101101111101
00000000000010011111011101110101
00000000000010011011101100100111
00000000000010110011101111101101
00000000000010010111001110111101
00000000000010110010001110100110
00000000000010010011011100100111
00000000000010010010011100111111
00000000000010011011101111011000
00000000000010011010011111001101
00000000000010010010011111111101
00000000000010011011011111100011
00000000000010010010101111100110
00000000000010010010001101101001
00000000000010011010011101010000
00000000000010111010101101011111
00000000000010010010001101011101
00000000000010010110001111000011
00000000000010010110101101001101
00000000000010111010011111000111
00000000000010011111011111101111
00000000000010011111011111010011
00000000000010110010101101010010
00000000000010010111111111001011
00000000000010110011001101101011
00000000000010111011101101001111
00000000000010110011111111011111
00000000000010011011001111011111
00000000000010011010101111010100
00000000000010111111111111000100
00000000000010011011111101010111
00000000000010010010101111101101
00000000000010010010111111010110
00000000000010011110111111101101
00000000000010110010001101010100
00000000000010111011101111111111
00000000000010011010011101100101
00000000000010010111101111010101
00000000000010011010011101101111
00000000000010111111001111010110
00000000000010010011111101101111
00000000000010010010011111111111
00000000000010010111001101001111
00000000000010010010001101110111
00000000000010010111011101100111
00000000000010111011111101000111
00000000000010010011001111101100
00000000000010011011111101110110
00000000000010010111101111111011
00000000000010110010101101110100
00000000000010010110001101101101
00000000000010010110001101110001
00000000000010011110101111100001
00000000000010010111001101111101
00000000000010111110001101101011
00000000000010111111001111101011
00000000000010011111111101111011
00000000000010010011101101110110
00000000000010110110001111110110
00000000000010010110111111100111
00000000000010010110111111111110
00000000000010010110011101111111
00000000000010011110001111111011
00000000000010011110011111100111
00000000000010011111111111100011
00000000000010010111011101101111
00000000000010110011101111111101
00000000000010010010101111100111
00000000000010010111101101101101
00000000000010011111101101100111
00000000000010011111111111110101
00000000000010011110011101111111
00000000000010010110101111111111
00000000000010110011011101110110
00000000000010010111111111110110
00000000000010011011111101101111
00000000000010011110001111111111
00000000000010111010001101110111
00000000000010010010011101101111
00000000000010011010101101101111
00000000000010010010101111110111
00000000000010010111111111101111
00000000000010110010001110000001
00000000000010011110111111110101
00000000000010010111001111011001
00000000000010011111111111001001
00000000000010010010001110100001
00000000000010110010101111100111
00000000000010010011001110011011
00000000000010010011001111100111
00000000000010111011111110011001
00000000000010110011101110110010
00000000000010010010001110011110
00000000000010011111011111011110
00000000000010011111111111000011
00000000000010010110011111010011
00000000000010011010011110110011
00000000000010110111001110111011
00000000000010110111011110111101
00000000000010011111001110011110
00000000000010010111001110000111
00000000000010011110001110110110
00000000000010011111001110101101
00000000000010011111111111011111
00000000000010011110111111100111
00000000000010111111111110000111
00000000000010010011011110010111
00000000000010110011011111100111
00000000000010011110001111000110
00000000000010111010101111101111
00000000000010110110111110011110
00000000000010011111111111001110
00000000000010111010101110010111
00000000000010011010111110010111
00000000000010010010111111010111
00000000000010110011011110010111
00000000000010010010001111100111
00000000000010010111111110001111
00000000000010111010001110111001
00000000000010111111101111111001
00000000000010010111011111100001
00000000000010011011011110100011
00000000000010111110001111101111
00000000000010010010011110111111
00000000000010011111011110101111
00000000000010111010001110111110
00000000000010111010111111100111
00000000000010111111101110110011
00000000000010011110011110101110
00000000000010111010001111100100
00000000000010011011011110111111
00000000000010011010001111111100
00000000000010111011101111101101
00000000000010011110011110111101
00000000000010110010101110111101
00000000000010011110001111101110
00000000000010010010101111111110
00000000000010111010001110111111
00000000000010011010111110101110
00000000000010010010101110111110
00000000000010111110101110110111
00000000000010011111111111101111
00000000000010110010101111111111
00000000000010110010101110110111
00000000000010011110101111111111
00000000000010011010101111101111
00000000000010010010011111111111
00000000000010011011101111000101
00000000000010110111011111010000
00000000000010110010001111011100
00000000000010011110111111100011
00000000000010011010101111011010
00000000000010010111011111111100
00000000000010011010101111010010
00000000000010111010011111110011
00000000000010011111111111011001
00000000000010111111011111001101
00000000000010010010101111010101
00000000000010110010101111000101
00000000000010011010011111111001
00000000000010110010111111001011
00000000000010010111001111110111
00000000000010111111001111101111
00000000000010111110011111100111
00000000000010110111101111100111
00000000000010010011111111111011
00000000000010010010011111111111
00000000000010111010111111100101
00000000000010010110011111000110
00000000000010011111111111100100
00000000000010011010001111101101
00000000000010111110011111110110
00000000000010010111101111001101
00000000000010011010111111110110
00000000000010011110111111011110
00000000000010111111011111010111
00000000000010011111011111101111
00000000000010010011001111110010
00000000000010111010101111100100
00000000000010011010001111110011
00000000000010010111001111101101
00000000000010011110001111100101
00000000000010011010011111111111
00000000000010011010111111110111
00000000000010010010001111100101
00000000000010111110111111101111
00000000000010010010001111110011
00000000000010110110111111110011
00000000000010011011101111101110
00000000000010110010011111110110
00000000000010010110001111101111
00000000000010010011101111101011
00000000000010010011011111110011
00000000000010111011101111111100
00000000000010011010011111101100
00000000000010010111111111100110
00000000000010010011001111101111
00000000000010010011001111101110
00000000000010111010111111110100
00000000000010010111111111110111
00000000000010010010101111110111
00000000000010010011101111100101
00000000000010111011111111101101
00000000000010010111001111100101
00000000000010010010111111100111
00000000000010011011101111111111
00000000000010110110001111111111
00000000000010011011001111110111
00000000000010110011011111101111
00000000000010010010111111111111
00000000000010010111001111111111
00000000000010110110101111101111
00000000000010111010010110000000
00000000000010011111110000010111
00000000000010010010110111100111
00000000000010010011010111010100
00000000000010011010111000111001
00000000000010110111110111010001
00000000000010010010111001111001
00000000000010110010110110001001
00000000000010010011010011111101
00000000000010010010011001111011
00000000000010111110110000001011
00000000000010010011110111001011
00000000000010011010011000100111
00000000000010011110111011001011
00000000000010011110111000011011
00000000000010111011010111101010
00000000000010110010010101000010
00000000000010011010110011001111
00000000000010010110110011011011
00000000000010110111110010000111
00000000000010010110110010011110
00000000000010011111111000111100
00000000000010111111110000010101
00000000000010010110010111011111
00000000000010011011110001110111
00000000000010010110010101101111
00000000000010011010010101001111
00000000000010010011010010010111
00000000000010010111111010001111
00000000000010011010011100101010
00000000000010010111011111100000
00000000000010010110011101110001
00000000000010111011111000111101
00000000000010111010110110110111
00000000000010010111110100111001
00000000000010010011011010111011
00000000000010011110010110110011
00000000000010111111011111101101
00000000000010010110111110110011
00000000000010010111011101101011
00000000000010111011010001111011
00000000000010110111110110110111
00000000000010011010011100110110
00000000000010110111110100111011
00000000000010010111011110101011
00000000000010111111110001111011
00000000000010111010011001100011
00000000000010011011110100100111
00000000000010110110010011100110
00000000000010110011010110110101
00000000000010111110011011101111
00000000000010111110111011101110
00000000000010010111110010101100
00000000000010010110011101101101
00000000000010011011111110111101
00000000000010010011111001101111
00000000000010110011111000100101
00000000000010010111010000101111
00000000000010011111110100110110
00000000000010011110110010111110
00000000000010010011010001111110
00000000000010110010110111100110
00000000000010111111010011110110
00000000000010010110011111100110
00000000000010110110011111110111
00000000000010011010011110110111
00000000000010010110011110100111
00000000000010011011011101110111
00000000000010011011011111100111
00000000000010111010010111100111
00000000000010011111010011001100
00000000000010010011111111100110
00000000000010111110011011101101
00000000000010110010110011000100
00000000000010110110110001111000
00000000000010011110111011100011
00000000000010111110110111101101
00000000000010011011111111001111
00000000000010011011110111001001
00000000000010011110011011110011
00000000000010111011111001001101
00000000000010010011110111001001
00000000000010011011111111100111
00000000000010111110010001111010
00000000000010011011111011010011
00000000000010110011010111000111
00000000000010111011110011101111
00000000000010011111011001111011
00000000000010011010111101010100
00000000000010111110111011101110
00000000000010011110011111011111
00000000000010010011110101110111
00000000000010011011110111001111
00000000000010010110111101000111
00000000000010010110110001000110
00000000000010110011110001001110
00000000000010111011111001000110
00000000000010111111111001110111
00000000000010011010111001010111
00000000000010010011111001010111
00000000000010011111011111000111
00000000000010010111010011111111
00000000000010011010011001111111
00000000000010110011110111001111
00000000000010011011010011110011
00000000000010011111110101111000
00000000000010110110011011110110
00000000000010011011110011110111
00000000000010011111010011111110
00000000000010010110110111101110
00000000000010010110010011110011
00000000000010010111110111100001
00000000000010011011110011111101
00000000000010011110011111101101
00000000000010011010111011101111
00000000000010110110110001111011
00000000000010110110110101101111
00000000000010011111110111100100
00000000000010010110011011101110
00000000000010111110110111110110
00000000000010011111111101111111
00000000000010010011010011101101
00000000000010111010011011101101
00000000000010110011110101100101
00000000000010111110111011111111
00000000000010111110010011100101
00000000000010010010111011110101
00000000000010010011110111101111
00000000000010011111111011101111
00000000000010010110011101101111
00000000000010110010110011110110
00000000000010010111011001111111
00000000000010011011111011101111
00000000000010110010110101101111
00000000000010011011111111101111
00000000000010011110011010110110
00000000000010110110110110010110
00000000000010010011110111111000
00000000000010111110110011001100
00000000000010110111011011001101
00000000000010010110110010001100
00000000000010110110010110011011
00000000000010011010011011101001
00000000000010110010011011000101
00000000000010010110111011011111
00000000000010011010111010000001
00000000000010010011111111011110
00000000000010010111111110001110
00000000000010011010110011011011
00000000000010011111111011101111
00000000000010110111011010001110
00000000000010111011011110110111
00000000000010010110110110100110
00000000000010011110010110010011
00000000000010010011111111000011
