set_bit
00010000000000000000000000000001
00010000000000000000000000000001
00010000000000000000000000000001
00010000000000000000000000000001
00010000000000000000000000000001
00010000000000000000000000000001
00010000000000000000000000000010
00010000000000000000000000000011
00010000000000000000000000000011
00010000000000000000000000000011
00010000000000000000000000000011
00010000000000000000000000000011
00010000000000000000000000000011
00010000000000000000000000000100
00010000000000000000000000000101
00010000000000000000000000000101
00010000000000000000000000000101
00010000000000000000000000000110
00010000000000000000000000000111
00010000000000000000000000000111
00010000000000000000000000000111
00010000000000000000000000000111
00010000000000000000000000000111
00010000000000000000000000000111
00010000000000000000000000000111
00010000000000000000000000100000
00010000000000000000000000100000
00010000000000000000000000100000
00010000000000000000000000100000
00010000000000000000000000100000
00010000000000000000000000100000
00010000000000000000000000100001
00010000000000000000000000100001
00010000000000000000000000100001
00010000000000000000000000100001
00010000000000000000000000100010
00010000000000000000000000100010
00010000000000000000000000100010
00010000000000000000000000100011
00010000000000000000000000100011
00010000000000000000000000100011
00010000000000000000000000100011
00010000000000000000000000100011
00010000000000000000000000100011
00010000000000000000000000100100
00010000000000000000000000100101
00010000000000000000000000100101
00010000000000000000000000100101
00010000000000000000000000100110
00010000000000000000000000100111
00010000000000000000000000100111
00010000000000000000000000100111
00010000000000000000000000100111
00010000000000000000000000100111
00010000000000000000000000100111
00010000000000000000000001000000
00010000000000000000000001000001
00010000000000000000000001000001
00010000000000000000000001000001
00010000000000000000000001000010
00010000000000000000000001000010
00010000000000000000000001000011
00010000000000000000000001000011
00010000000000000000000001000011
00010000000000000000000001000011
00010000000000000000000001000011
00010000000000000000000001000011
00010000000000000000000001000100
00010000000000000000000001000100
00010000000000000000000001000100
00010000000000000000000001000100
00010000000000000000000001000100
00010000000000000000000001000100
00010000000000000000000001000100
00010000000000000000000001000101
00010000000000000000000001000101
00010000000000000000000001000101
00010000000000000000000001000101
00010000000000000000000001000101
00010000000000000000000001000101
00010000000000000000000001000110
00010000000000000000000001000110
00010000000000000000000001000110
00010000000000000000000001000110
00010000000000000000000001000110
00010000000000000000000001000110
00010000000000000000000001000111
00010000000000000000000001000111
00010000000000000000000001000111
00010000000000000000000001000111
00010000000000000000000001000111
00010000000000000000000001000111
00010000000000000000000001100000
00010000000000000000000001100000
00010000000000000000000001100001
00010000000000000000000001100001
00010000000000000000000001100001
00010000000000000000000001100010
00010000000000000000000001100010
00010000000000000000000001100010
00010000000000000000000001100010
00010000000000000000000001100011
00010000000000000000000001100011
00010000000000000000000001100011
00010000000000000000000001100011
00010000000000000000000001100100
00010000000000000000000001100100
00010000000000000000000001100100
00010000000000000000000001100100
00010000000000000000000001100100
00010000000000000000000001100101
00010000000000000000000001100101
00010000000000000000000001100101
00010000000000000000000001100110
00010000000000000000000001100110
00010000000000000000000001100110
00010000000000000000000001100110
00010000000000000000000001100111
00010000000000000000000001100111
00010000000000000000000001100111
00010000000000000000000001100111
00010000000000000000000010000000
00010000000000000000000010000001
00010000000000000000000010000001
00010000000000000000000010000001
00010000000000000000000010000001
00010000000000000000000010000001
00010000000000000000000010000001
00010000000000000000000010000001
00010000000000000000000010000010
00010000000000000000000010000010
00010000000000000000000010000010
00010000000000000000000010000010
00010000000000000000000010000010
00010000000000000000000010000011
00010000000000000000000010000011
00010000000000000000000010000011
00010000000000000000000010000100
00010000000000000000000010000100
00010000000000000000000010000100
00010000000000000000000010000100
00010000000000000000000010000101
00010000000000000000000010000101
00010000000000000000000010000101
00010000000000000000000010000101
00010000000000000000000010000110
00010000000000000000000010000110
00010000000000000000000010000110
00010000000000000000000010000110
00010000000000000000000010000110
00010000000000000000000010000110
00010000000000000000000010000111
00010000000000000000000010000111
00010000000000000000000010000111
00010000000000000000000010000111
00010000000000000000000010000111
00010000000000000000000010000111
00010000000000000000000010100000
00010000000000000000000010100000
00010000000000000000000010100000
00010000000000000000000010100001
00010000000000000000000010100010
00010000000000000000000010100011
00010000000000000000000010100011
00010000000000000000000010100011
00010000000000000000000010100011
00010000000000000000000010100011
00010000000000000000000010100011
00010000000000000000000010100100
00010000000000000000000010100100
00010000000000000000000010100100
00010000000000000000000010100100
00010000000000000000000010100100
00010000000000000000000010100100
00010000000000000000000010100100
00010000000000000000000010100101
00010000000000000000000010100101
00010000000000000000000010100101
00010000000000000000000010100101
00010000000000000000000010100101
00010000000000000000000010100110
00010000000000000000000010100110
00010000000000000000000010100110
00010000000000000000000010100110
00010000000000000000000010100111
00010000000000000000000010100111
00010000000000000000000011000000
00010000000000000000000011000000
00010000000000000000000011000000
00010000000000000000000011000000
00010000000000000000000011000000
00010000000000000000000011000000
00010000000000000000000011000001
00010000000000000000000011000001
00010000000000000000000011000001
00010000000000000000000011000010
00010000000000000000000011000010
00010000000000000000000011000010
00010000000000000000000011000010
00010000000000000000000011000010
00010000000000000000000011000010
00010000000000000000000011000010
00010000000000000000000011000011
00010000000000000000000011000011
00010000000000000000000011000011
00010000000000000000000011000011
00010000000000000000000011000100
00010000000000000000000011000100
00010000000000000000000011000101
00010000000000000000000011000101
00010000000000000000000011000101
00010000000000000000000011000101
00010000000000000000000011000101
00010000000000000000000011000101
00010000000000000000000011000110
00010000000000000000000011000110
00010000000000000000000011000110
00010000000000000000000011000110
00010000000000000000000011000110
00010000000000000000000011000111
00010000000000000000000011000111
00010000000000000000000011100000
00010000000000000000000011100000
00010000000000000000000011100000
00010000000000000000000011100000
00010000000000000000000011100000
00010000000000000000000011100000
00010000000000000000000011100001
00010000000000000000000011100001
00010000000000000000000011100001
00010000000000000000000011100001
00010000000000000000000011100001
00010000000000000000000011100001
00010000000000000000000011100001
00010000000000000000000011100010
00010000000000000000000011100010
00010000000000000000000011100010
00010000000000000000000011100010
00010000000000000000000011100010
00010000000000000000000011100010
00010000000000000000000011100010
00010000000000000000000011100011
00010000000000000000000011100011
00010000000000000000000011100100
00010000000000000000000011100101
00010000000000000000000011100101
00010000000000000000000011100101
00010000000000000000000011100101
00010000000000000000000011100101
00010000000000000000000011100101
00010000000000000000000011100110
00010000000000000000000011100110
00010000000000000000000011100110
00010000000000000000000011100110
00010000000000000000000011100110
00010000000000000000000011100110
00010000000000000000000011100111
00010000000000000000000011100111
00010000000000000000000011100111
00010000000000000000000011100111
00010000000000000000000100000000
00010000000000000000000100000000
00010000000000000000000100000000
00010000000000000000000100000001
00010000000000000000000100000010
00010000000000000000000100000010
00010000000000000000000100000010
00010000000000000000000100000010
00010000000000000000000100000010
00010000000000000000000100000010
00010000000000000000000100000011
00010000000000000000000100000011
00010000000000000000000100000011
00010000000000000000000100000011
00010000000000000000000100000011
00010000000000000000000100000100
00010000000000000000000100000100
00010000000000000000000100000100
00010000000000000000000100000100
00010000000000000000000100000100
00010000000000000000000100000101
00010000000000000000000100000101
00010000000000000000000100000101
00010000000000000000000100000101
00010000000000000000000100000101
00010000000000000000000100000101
00010000000000000000000100000110
00010000000000000000000100000110
00010000000000000000000100000110
00010000000000000000000100000111
00010000000000000000000100000111
00010000000000000000000100000111
00010000000000000000000100100000
00010000000000000000000100100000
00010000000000000000000100100000
00010000000000000000000100100000
00010000000000000000000100100000
00010000000000000000000100100001
00010000000000000000000100100001
00010000000000000000000100100001
00010000000000000000000100100001
00010000000000000000000100100001
00010000000000000000000100100010
00010000000000000000000100100010
00010000000000000000000100100010
00010000000000000000000100100010
00010000000000000000000100100011
00010000000000000000000100100011
00010000000000000000000100100011
00010000000000000000000100100100
00010000000000000000000100100100
00010000000000000000000100100101
00010000000000000000000100100101
00010000000000000000000100100101
00010000000000000000000100100110
00010000000000000000000100100111
00010000000000000000000100100111
00010000000000000000000100100111
00010000000000000000000100100111
00010000000000000000000101000000
00010000000000000000000101000000
00010000000000000000000101000001
00010000000000000000000101000001
00010000000000000000000101000010
00010000000000000000000101000010
00010000000000000000000101000010
00010000000000000000000101000010
00010000000000000000000101000010
00010000000000000000000101000010
00010000000000000000000101000010
00010000000000000000000101000011
00010000000000000000000101000011
00010000000000000000000101000011
00010000000000000000000101000100
00010000000000000000000101000101
00010000000000000000000101000101
00010000000000000000000101000101
00010000000000000000000101000110
00010000000000000000000101000110
00010000000000000000000101000110
00010000000000000000000101000110
00010000000000000000000101000110
00010000000000000000000101000110
00010000000000000000000101000110
00010000000000000000000101000111
00010000000000000000000101000111
00010000000000000000000101100000
00010000000000000000000101100001
00010000000000000000000101100001
00010000000000000000000101100001
00010000000000000000000101100001
00010000000000000000000101100001
00010000000000000000000101100001
00010000000000000000000101100010
00010000000000000000000101100010
00010000000000000000000101100010
00010000000000000000000101100010
00010000000000000000000101100010
00010000000000000000000101100010
00010000000000000000000101100010
00010000000000000000000101100011
00010000000000000000000101100011
00010000000000000000000101100100
00010000000000000000000101100100
00010000000000000000000101100100
00010000000000000000000101100100
00010000000000000000000101100100
00010000000000000000000101100101
00010000000000000000000101100101
00010000000000000000000101100101
00010000000000000000000101100110
00010000000000000000000101100110
00010000000000000000000101100110
00010000000000000000000101100110
00010000000000000000000101100110
00010000000000000000000101100110
00010000000000000000000101100110
00010000000000000000000101100111
00010000000000000000000101100111
00010000000000000000000101100111
00010000000000000000000101100111
00010000000000000000000101100111
00010000000000000000000101100111
00010000000000000000000110000000
00010000000000000000000110000000
00010000000000000000000110000000
00010000000000000000000110000000
00010000000000000000000110000000
00010000000000000000000110000001
00010000000000000000000110000001
00010000000000000000000110000010
00010000000000000000000110000010
00010000000000000000000110000010
00010000000000000000000110000011
00010000000000000000000110000011
00010000000000000000000110000011
00010000000000000000000110000011
00010000000000000000000110000011
00010000000000000000000110000100
00010000000000000000000110000100
00010000000000000000000110000100
00010000000000000000000110000101
00010000000000000000000110000110
00010000000000000000000110000110
00010000000000000000000110000110
00010000000000000000000110000110
00010000000000000000000110000110
00010000000000000000000110000110
00010000000000000000000110000110
00010000000000000000000110000111
00010000000000000000000110100000
00010000000000000000000110100000
00010000000000000000000110100000
00010000000000000000000110100001
00010000000000000000000110100001
00010000000000000000000110100001
00010000000000000000000110100001
00010000000000000000000110100010
00010000000000000000000110100010
00010000000000000000000110100010
00010000000000000000000110100011
00010000000000000000000110100011
00010000000000000000000110100011
00010000000000000000000110100011
00010000000000000000000110100011
00010000000000000000000110100100
00010000000000000000000110100100
00010000000000000000000110100100
00010000000000000000000110100100
00010000000000000000000110100100
00010000000000000000000110100100
00010000000000000000000110100100
00010000000000000000000110100101
00010000000000000000000110100110
00010000000000000000000110100110
00010000000000000000000110100110
00010000000000000000000110100110
00010000000000000000000110100111
00010000000000000000000111000000
00010000000000000000000111000000
00010000000000000000000111000000
00010000000000000000000111000000
00010000000000000000000111000000
00010000000000000000000111000001
00010000000000000000000111000001
00010000000000000000000111000001
00010000000000000000000111000001
00010000000000000000000111000010
00010000000000000000000111000010
00010000000000000000000111000010
00010000000000000000000111000010
00010000000000000000000111000010
00010000000000000000000111000010
00010000000000000000000111000011
00010000000000000000000111000011
00010000000000000000000111000011
00010000000000000000000111000011
00010000000000000000000111000100
00010000000000000000000111000101
00010000000000000000000111000101
00010000000000000000000111000101
00010000000000000000000111000101
00010000000000000000000111000101
00010000000000000000000111000101
00010000000000000000000111000110
00010000000000000000000111000111
00010000000000000000000111000111
00010000000000000000000111000111
00010000000000000000000111000111
00010000000000000000000111100000
00010000000000000000000111100001
00010000000000000000000111100001
00010000000000000000000111100001
00010000000000000000000111100001
00010000000000000000000111100001
00010000000000000000000111100010
00010000000000000000000111100010
00010000000000000000000111100010
00010000000000000000000111100010
00010000000000000000000111100010
00010000000000000000000111100010
00010000000000000000000111100011
00010000000000000000000111100011
00010000000000000000000111100011
00010000000000000000000111100100
00010000000000000000000111100100
00010000000000000000000111100100
00010000000000000000000111100100
00010000000000000000000111100100
00010000000000000000000111100100
00010000000000000000000111100101
00010000000000000000000111100101
00010000000000000000000111100101
00010000000000000000000111100110
00010000000000000000000111100110
00010000000000000000000111100110
00010000000000000000000111100110
00010000000000000000000111100110
00010000000000000000000111100110
00010000000000000000000111100111
00010000000000000000000111100111
00010000000000000000001000000000
00010000000000000000001000000000
00010000000000000000001000000000
00010000000000000000001000000000
00010000000000000000001000000000
00010000000000000000001000000000
00010000000000000000001000000000
00010000000000000000001000000001
00010000000000000000001000000001
00010000000000000000001000000010
00010000000000000000001000000010
00010000000000000000001000000010
00010000000000000000001000000010
00010000000000000000001000000011
00010000000000000000001000000011
00010000000000000000001000000011
00010000000000000000001000000011
00010000000000000000001000000011
00010000000000000000001000000011
00010000000000000000001000000100
00010000000000000000001000000101
00010000000000000000001000000101
00010000000000000000001000000101
00010000000000000000001000000101
00010000000000000000001000000101
00010000000000000000001000000110
00010000000000000000001000000110
00010000000000000000001000000110
00010000000000000000001000000110
00010000000000000000001000000110
00010000000000000000001000000110
00010000000000000000001000000110
00010000000000000000001000000111
00010000000000000000001000000111
00010000000000000000001000000111
00010000000000000000001000000111
00010000000000000000001000000111
00010000000000000000001000000111
00010000000000000000001000100000
00010000000000000000001000100001
00010000000000000000001000100001
00010000000000000000001000100010
00010000000000000000001000100011
00010000000000000000001000100011
00010000000000000000001000100011
00010000000000000000001000100100
00010000000000000000001000100100
00010000000000000000001000100100
00010000000000000000001000100100
00010000000000000000001000100100
00010000000000000000001000100100
00010000000000000000001000100101
00010000000000000000001000100101
00010000000000000000001000100101
00010000000000000000001000100101
00010000000000000000001000100101
00010000000000000000001000100110
00010000000000000000001000100111
00010000000000000000001000100111
00010000000000000000001000100111
00010000000000000000001001000000
00010000000000000000001001000000
00010000000000000000001001000000
00010000000000000000001001000000
00010000000000000000001001000001
00010000000000000000001001000001
00010000000000000000001001000010
00010000000000000000001001000010
00010000000000000000001001000011
00010000000000000000001001000011
00010000000000000000001001000011
00010000000000000000001001000011
00010000000000000000001001000011
00010000000000000000001001000011
00010000000000000000001001000100
00010000000000000000001001000100
00010000000000000000001001000100
00010000000000000000001001000101
00010000000000000000001001000101
00010000000000000000001001000101
00010000000000000000001001000101
00010000000000000000001001000110
00010000000000000000001001000110
00010000000000000000001001000110
00010000000000000000001001000110
00010000000000000000001001000111
00010000000000000000001001000111
00010000000000000000001001000111
00010000000000000000001001000111
00010000000000000000001001000111
00010000000000000000001001100000
00010000000000000000001001100000
00010000000000000000001001100001
00010000000000000000001001100010
00010000000000000000001001100010
00010000000000000000001001100010
00010000000000000000001001100010
00010000000000000000001001100010
00010000000000000000001001100010
00010000000000000000001001100010
00010000000000000000001001100011
00010000000000000000001001100011
00010000000000000000001001100011
00010000000000000000001001100100
00010000000000000000001001100100
00010000000000000000001001100100
00010000000000000000001001100100
00010000000000000000001001100100
00010000000000000000001001100100
00010000000000000000001001100101
00010000000000000000001001100101
00010000000000000000001001100101
00010000000000000000001001100101
00010000000000000000001001100110
00010000000000000000001001100110
00010000000000000000001001100110
00010000000000000000001001100110
00010000000000000000001001100110
00010000000000000000001001100110
00010000000000000000001001100111
00010000000000000000001010000000
00010000000000000000001010000000
00010000000000000000001010000000
00010000000000000000001010000000
00010000000000000000001010000001
00010000000000000000001010000001
00010000000000000000001010000001
00010000000000000000001010000001
00010000000000000000001010000001
00010000000000000000001010000010
00010000000000000000001010000011
00010000000000000000001010000011
00010000000000000000001010000011
00010000000000000000001010000011
00010000000000000000001010000011
00010000000000000000001010000100
00010000000000000000001010000100
00010000000000000000001010000100
00010000000000000000001010000100
00010000000000000000001010000100
00010000000000000000001010000100
00010000000000000000001010000100
00010000000000000000001010000101
00010000000000000000001010000101
00010000000000000000001010000101
00010000000000000000001010000101
00010000000000000000001010000101
00010000000000000000001010000101
00010000000000000000001010000101
00010000000000000000001010000110
00010000000000000000001010000110
00010000000000000000001010000110
00010000000000000000001010000110
00010000000000000000001010000110
00010000000000000000001010000110
00010000000000000000001010000111
00010000000000000000001010000111
00010000000000000000001010000111
00010000000000000000001010100000
00010000000000000000001010100000
00010000000000000000001010100000
00010000000000000000001010100001
00010000000000000000001010100010
00010000000000000000001010100010
00010000000000000000001010100011
00010000000000000000001010100011
00010000000000000000001010100011
00010000000000000000001010100011
00010000000000000000001010100011
00010000000000000000001010100100
00010000000000000000001010100100
00010000000000000000001010100100
00010000000000000000001010100100
00010000000000000000001010100100
00010000000000000000001010100100
00010000000000000000001010100100
00010000000000000000001010100101
00010000000000000000001010100101
00010000000000000000001010100101
00010000000000000000001010100101
00010000000000000000001010100101
00010000000000000000001010100110
00010000000000000000001010100110
00010000000000000000001010100110
00010000000000000000001010100110
00010000000000000000001010100110
00010000000000000000001010100110
00010000000000000000001010100111
00010000000000000000001011000000
00010000000000000000001011000000
00010000000000000000001011000001
00010000000000000000001011000001
00010000000000000000001011000010
00010000000000000000001011000011
00010000000000000000001011000011
00010000000000000000001011000100
00010000000000000000001011000100
00010000000000000000001011000100
00010000000000000000001011000100
00010000000000000000001011000100
00010000000000000000001011000100
00010000000000000000001011000101
00010000000000000000001011000101
00010000000000000000001011000101
00010000000000000000001011000101
00010000000000000000001011000110
00010000000000000000001011000110
00010000000000000000001011000110
00010000000000000000001011000110
00010000000000000000001011000110
00010000000000000000001011000110
00010000000000000000001011000110
00010000000000000000001011000111
00010000000000000000001011000111
00010000000000000000001011000111
00010000000000000000001011000111
00010000000000000000001011100000
00010000000000000000001011100000
00010000000000000000001011100000
00010000000000000000001011100000
00010000000000000000001011100000
00010000000000000000001011100001
00010000000000000000001011100010
00010000000000000000001011100010
00010000000000000000001011100010
00010000000000000000001011100010
00010000000000000000001011100010
00010000000000000000001011100011
00010000000000000000001011100011
00010000000000000000001011100011
00010000000000000000001011100011
00010000000000000000001011100011
00010000000000000000001011100100
00010000000000000000001011100100
00010000000000000000001011100100
00010000000000000000001011100101
00010000000000000000001011100101
00010000000000000000001011100110
00010000000000000000001011100110
00010000000000000000001011100110
00010000000000000000001011100110
00010000000000000000001011100110
00010000000000000000001011100110
00010000000000000000001011100111
00010000000000000000001100000000
00010000000000000000001100000000
00010000000000000000001100000000
00010000000000000000001100000000
00010000000000000000001100000000
00010000000000000000001100000000
00010000000000000000001100000000
00010000000000000000001100000001
00010000000000000000001100000001
00010000000000000000001100000010
00010000000000000000001100000010
00010000000000000000001100000011
00010000000000000000001100000011
00010000000000000000001100000011
00010000000000000000001100000011
00010000000000000000001100000011
00010000000000000000001100000011
00010000000000000000001100000100
00010000000000000000001100000100
00010000000000000000001100000100
00010000000000000000001100000100
00010000000000000000001100000100
00010000000000000000001100000101
00010000000000000000001100000101
00010000000000000000001100000101
00010000000000000000001100000101
00010000000000000000001100000101
00010000000000000000001100000101
00010000000000000000001100000110
00010000000000000000001100000110
00010000000000000000001100000110
00010000000000000000001100000110
00010000000000000000001100000110
00010000000000000000001100000110
00010000000000000000001100000111
00010000000000000000001100000111
00010000000000000000001100000111
00010000000000000000001100100000
00010000000000000000001100100000
00010000000000000000001100100000
00010000000000000000001100100001
00010000000000000000001100100001
00010000000000000000001100100001
00010000000000000000001100100001
00010000000000000000001100100001
00010000000000000000001100100001
00010000000000000000001100100001
00010000000000000000001100100010
00010000000000000000001100100010
00010000000000000000001100100010
00010000000000000000001100100010
00010000000000000000001100100010
00010000000000000000001100100011
00010000000000000000001100100011
00010000000000000000001100100100
00010000000000000000001100100100
00010000000000000000001100100100
00010000000000000000001100100100
00010000000000000000001100100101
00010000000000000000001100100101
00010000000000000000001100100101
00010000000000000000001100100101
00010000000000000000001100100110
00010000000000000000001100100110
00010000000000000000001100100110
00010000000000000000001100100111
00010000000000000000001100100111
00010000000000000000001100100111
00010000000000000000001100100111
00010000000000000000001100100111
00010000000000000000001100100111
00010000000000000000001100100111
00010000000000000000001101000000
00010000000000000000001101000000
00010000000000000000001101000001
00010000000000000000001101000001
00010000000000000000001101000001
00010000000000000000001101000010
00010000000000000000001101000010
00010000000000000000001101000011
00010000000000000000001101000011
00010000000000000000001101000100
00010000000000000000001101000100
00010000000000000000001101000100
00010000000000000000001101000101
00010000000000000000001101000101
00010000000000000000001101000110
00010000000000000000001101000110
00010000000000000000001101000110
00010000000000000000001101000110
00010000000000000000001101000111
00010000000000000000001101000111
00010000000000000000001101100000
00010000000000000000001101100000
00010000000000000000001101100000
00010000000000000000001101100001
00010000000000000000001101100001
00010000000000000000001101100001
00010000000000000000001101100001
00010000000000000000001101100010
00010000000000000000001101100011
00010000000000000000001101100100
00010000000000000000001101100100
00010000000000000000001101100100
00010000000000000000001101100100
00010000000000000000001101100100
00010000000000000000001101100100
00010000000000000000001101100101
00010000000000000000001101100101
00010000000000000000001101100110
00010000000000000000001101100110
00010000000000000000001101100111
00010000000000000000001101100111
00010000000000000000001101100111
00010000000000000000001101100111
00010000000000000000001101100111
00010000000000000000001101100111
00010000000000000000001101100111
00010000000000000000001110000000
00010000000000000000001110000000
00010000000000000000001110000000
00010000000000000000001110000000
00010000000000000000001110000000
00010000000000000000001110000000
00010000000000000000001110000000
00010000000000000000001110000001
00010000000000000000001110000001
00010000000000000000001110000001
00010000000000000000001110000001
00010000000000000000001110000010
00010000000000000000001110000010
00010000000000000000001110000010
00010000000000000000001110000010
00010000000000000000001110000011
00010000000000000000001110000011
00010000000000000000001110000011
00010000000000000000001110000011
00010000000000000000001110000011
00010000000000000000001110000011
00010000000000000000001110000011
00010000000000000000001110000100
00010000000000000000001110000100
00010000000000000000001110000100
00010000000000000000001110000101
00010000000000000000001110000101
00010000000000000000001110000101
00010000000000000000001110000101
00010000000000000000001110000110
00010000000000000000001110000110
00010000000000000000001110000110
00010000000000000000001110000111
00010000000000000000001110000111
00010000000000000000001110000111
00010000000000000000001110000111
00010000000000000000001110000111
00010000000000000000001110000111
00010000000000000000001110100000
00010000000000000000001110100000
00010000000000000000001110100000
00010000000000000000001110100000
00010000000000000000001110100000
00010000000000000000001110100000
00010000000000000000001110100000
00010000000000000000001110100001
00010000000000000000001110100001
00010000000000000000001110100001
00010000000000000000001110100001
00010000000000000000001110100010
00010000000000000000001110100010
00010000000000000000001110100010
00010000000000000000001110100010
00010000000000000000001110100010
00010000000000000000001110100010
00010000000000000000001110100010
00010000000000000000001110100011
00010000000000000000001110100011
00010000000000000000001110100011
00010000000000000000001110100011
00010000000000000000001110100100
00010000000000000000001110100101
00010000000000000000001110100101
00010000000000000000001110100101
00010000000000000000001110100110
00010000000000000000001110100111
00010000000000000000001110100111
00010000000000000000001110100111
00010000000000000000001110100111
00010000000000000000001110100111
00010000000000000000001110100111
00010000000000000000001111000000
00010000000000000000001111000000
00010000000000000000001111000000
00010000000000000000001111000001
00010000000000000000001111000001
00010000000000000000001111000001
00010000000000000000001111000001
00010000000000000000001111000001
00010000000000000000001111000001
00010000000000000000001111000010
00010000000000000000001111000010
00010000000000000000001111000010
00010000000000000000001111000010
00010000000000000000001111000010
00010000000000000000001111000010
00010000000000000000001111000011
00010000000000000000001111000011
00010000000000000000001111000100
00010000000000000000001111000100
00010000000000000000001111000100
00010000000000000000001111000100
00010000000000000000001111000101
00010000000000000000001111000101
00010000000000000000001111000110
00010000000000000000001111000110
00010000000000000000001111000110
00010000000000000000001111000110
00010000000000000000001111000111
00010000000000000000001111000111
00010000000000000000001111000111
00010000000000000000001111000111
00010000000000000000001111000111
00010000000000000000001111000111
00010000000000000000001111000111
00010000000000000000001111100000
00010000000000000000001111100000
00010000000000000000001111100000
00010000000000000000001111100000
00010000000000000000001111100000
00010000000000000000001111100000
00010000000000000000001111100001
00010000000000000000001111100001
00010000000000000000001111100001
00010000000000000000001111100001
00010000000000000000001111100001
00010000000000000000001111100001
00010000000000000000001111100001
00010000000000000000001111100010
00010000000000000000001111100010
00010000000000000000001111100010
00010000000000000000001111100010
00010000000000000000001111100011
00010000000000000000001111100011
00010000000000000000001111100011
00010000000000000000001111100011
00010000000000000000001111100011
00010000000000000000001111100100
00010000000000000000001111100101
00010000000000000000001111100101
00010000000000000000001111100110
00010000000000000000001111100110
00010000000000000000001111100110
00010000000000000000001111100110
00010000000000000000001111100110
00010000000000000000001111100111
00010000000000000000001111100111
