?column?
00000000000000000000000000001000
00000000000000000000000000001000
00000000000000000000000000001000
00000000000000000000000000001000
00000000000000000000000000001000
00000000000000000000000000001000
00000000000000000000000000010000
00000000000000000000000000011000
00000000000000000000000000011000
00000000000000000000000000011000
00000000000000000000000000011000
00000000000000000000000000011000
00000000000000000000000000011000
00000000000000000000000000100000
00000000000000000000000000101000
00000000000000000000000000101000
00000000000000000000000000101000
00000000000000000000000000110000
00000000000000000000000000111000
00000000000000000000000000111000
00000000000000000000000000111000
00000000000000000000000000111000
00000000000000000000000000111000
00000000000000000000000000111000
00000000000000000000000000111000
00000000000000000000000100000000
00000000000000000000000100000000
00000000000000000000000100000000
00000000000000000000000100000000
00000000000000000000000100000000
00000000000000000000000100000000
00000000000000000000000100001000
00000000000000000000000100001000
00000000000000000000000100001000
00000000000000000000000100001000
00000000000000000000000100010000
00000000000000000000000100010000
00000000000000000000000100010000
00000000000000000000000100011000
00000000000000000000000100011000
00000000000000000000000100011000
00000000000000000000000100011000
00000000000000000000000100011000
00000000000000000000000100011000
00000000000000000000000100100000
00000000000000000000000100101000
00000000000000000000000100101000
00000000000000000000000100101000
00000000000000000000000100110000
00000000000000000000000100111000
00000000000000000000000100111000
00000000000000000000000100111000
00000000000000000000000100111000
00000000000000000000000100111000
00000000000000000000000100111000
00000000000000000000001000000000
00000000000000000000001000001000
00000000000000000000001000001000
00000000000000000000001000001000
00000000000000000000001000010000
00000000000000000000001000010000
00000000000000000000001000011000
00000000000000000000001000011000
00000000000000000000001000011000
00000000000000000000001000011000
00000000000000000000001000011000
00000000000000000000001000011000
00000000000000000000001000100000
00000000000000000000001000100000
00000000000000000000001000100000
00000000000000000000001000100000
00000000000000000000001000100000
00000000000000000000001000100000
00000000000000000000001000100000
00000000000000000000001000101000
00000000000000000000001000101000
00000000000000000000001000101000
00000000000000000000001000101000
00000000000000000000001000101000
00000000000000000000001000101000
00000000000000000000001000110000
00000000000000000000001000110000
00000000000000000000001000110000
00000000000000000000001000110000
00000000000000000000001000110000
00000000000000000000001000110000
00000000000000000000001000111000
00000000000000000000001000111000
00000000000000000000001000111000
00000000000000000000001000111000
00000000000000000000001000111000
00000000000000000000001000111000
00000000000000000000001100000000
00000000000000000000001100000000
00000000000000000000001100001000
00000000000000000000001100001000
00000000000000000000001100001000
00000000000000000000001100010000
00000000000000000000001100010000
00000000000000000000001100010000
00000000000000000000001100010000
00000000000000000000001100011000
00000000000000000000001100011000
00000000000000000000001100011000
00000000000000000000001100011000
00000000000000000000001100100000
00000000000000000000001100100000
00000000000000000000001100100000
00000000000000000000001100100000
00000000000000000000001100100000
00000000000000000000001100101000
00000000000000000000001100101000
00000000000000000000001100101000
00000000000000000000001100110000
00000000000000000000001100110000
00000000000000000000001100110000
00000000000000000000001100110000
00000000000000000000001100111000
00000000000000000000001100111000
00000000000000000000001100111000
00000000000000000000001100111000
00000000000000000000010000000000
00000000000000000000010000001000
00000000000000000000010000001000
00000000000000000000010000001000
00000000000000000000010000001000
00000000000000000000010000001000
00000000000000000000010000001000
00000000000000000000010000001000
00000000000000000000010000010000
00000000000000000000010000010000
00000000000000000000010000010000
00000000000000000000010000010000
00000000000000000000010000010000
00000000000000000000010000011000
00000000000000000000010000011000
00000000000000000000010000011000
00000000000000000000010000100000
00000000000000000000010000100000
00000000000000000000010000100000
00000000000000000000010000100000
00000000000000000000010000101000
00000000000000000000010000101000
00000000000000000000010000101000
00000000000000000000010000101000
00000000000000000000010000110000
00000000000000000000010000110000
00000000000000000000010000110000
00000000000000000000010000110000
00000000000000000000010000110000
00000000000000000000010000110000
00000000000000000000010000111000
00000000000000000000010000111000
00000000000000000000010000111000
00000000000000000000010000111000
00000000000000000000010000111000
00000000000000000000010000111000
00000000000000000000010100000000
00000000000000000000010100000000
00000000000000000000010100000000
00000000000000000000010100001000
00000000000000000000010100010000
00000000000000000000010100011000
00000000000000000000010100011000
00000000000000000000010100011000
00000000000000000000010100011000
00000000000000000000010100011000
00000000000000000000010100011000
00000000000000000000010100100000
00000000000000000000010100100000
00000000000000000000010100100000
00000000000000000000010100100000
00000000000000000000010100100000
00000000000000000000010100100000
00000000000000000000010100100000
00000000000000000000010100101000
00000000000000000000010100101000
00000000000000000000010100101000
00000000000000000000010100101000
00000000000000000000010100101000
00000000000000000000010100110000
00000000000000000000010100110000
00000000000000000000010100110000
00000000000000000000010100110000
00000000000000000000010100111000
00000000000000000000010100111000
00000000000000000000011000000000
00000000000000000000011000000000
00000000000000000000011000000000
00000000000000000000011000000000
00000000000000000000011000000000
00000000000000000000011000000000
00000000000000000000011000001000
00000000000000000000011000001000
00000000000000000000011000001000
00000000000000000000011000010000
00000000000000000000011000010000
00000000000000000000011000010000
00000000000000000000011000010000
00000000000000000000011000010000
00000000000000000000011000010000
00000000000000000000011000010000
00000000000000000000011000011000
00000000000000000000011000011000
00000000000000000000011000011000
00000000000000000000011000011000
00000000000000000000011000100000
00000000000000000000011000100000
00000000000000000000011000101000
00000000000000000000011000101000
00000000000000000000011000101000
00000000000000000000011000101000
00000000000000000000011000101000
00000000000000000000011000101000
00000000000000000000011000110000
00000000000000000000011000110000
00000000000000000000011000110000
00000000000000000000011000110000
00000000000000000000011000110000
00000000000000000000011000111000
00000000000000000000011000111000
00000000000000000000011100000000
00000000000000000000011100000000
00000000000000000000011100000000
00000000000000000000011100000000
00000000000000000000011100000000
00000000000000000000011100000000
00000000000000000000011100001000
00000000000000000000011100001000
00000000000000000000011100001000
00000000000000000000011100001000
00000000000000000000011100001000
00000000000000000000011100001000
00000000000000000000011100001000
00000000000000000000011100010000
00000000000000000000011100010000
00000000000000000000011100010000
00000000000000000000011100010000
00000000000000000000011100010000
00000000000000000000011100010000
00000000000000000000011100010000
00000000000000000000011100011000
00000000000000000000011100011000
00000000000000000000011100100000
00000000000000000000011100101000
00000000000000000000011100101000
00000000000000000000011100101000
00000000000000000000011100101000
00000000000000000000011100101000
00000000000000000000011100101000
00000000000000000000011100110000
00000000000000000000011100110000
00000000000000000000011100110000
00000000000000000000011100110000
00000000000000000000011100110000
00000000000000000000011100110000
00000000000000000000011100111000
00000000000000000000011100111000
00000000000000000000011100111000
00000000000000000000011100111000
00000000000000000000100000000000
00000000000000000000100000000000
00000000000000000000100000000000
00000000000000000000100000001000
00000000000000000000100000010000
00000000000000000000100000010000
00000000000000000000100000010000
00000000000000000000100000010000
00000000000000000000100000010000
00000000000000000000100000010000
00000000000000000000100000011000
00000000000000000000100000011000
00000000000000000000100000011000
00000000000000000000100000011000
00000000000000000000100000011000
00000000000000000000100000100000
00000000000000000000100000100000
00000000000000000000100000100000
00000000000000000000100000100000
00000000000000000000100000100000
00000000000000000000100000101000
00000000000000000000100000101000
00000000000000000000100000101000
00000000000000000000100000101000
00000000000000000000100000101000
00000000000000000000100000101000
00000000000000000000100000110000
00000000000000000000100000110000
00000000000000000000100000110000
00000000000000000000100000111000
00000000000000000000100000111000
00000000000000000000100000111000
00000000000000000000100100000000
00000000000000000000100100000000
00000000000000000000100100000000
00000000000000000000100100000000
00000000000000000000100100000000
00000000000000000000100100001000
00000000000000000000100100001000
00000000000000000000100100001000
00000000000000000000100100001000
00000000000000000000100100001000
00000000000000000000100100010000
00000000000000000000100100010000
00000000000000000000100100010000
00000000000000000000100100010000
00000000000000000000100100011000
00000000000000000000100100011000
00000000000000000000100100011000
00000000000000000000100100100000
00000000000000000000100100100000
00000000000000000000100100101000
00000000000000000000100100101000
00000000000000000000100100101000
00000000000000000000100100110000
00000000000000000000100100111000
00000000000000000000100100111000
00000000000000000000100100111000
00000000000000000000100100111000
00000000000000000000101000000000
00000000000000000000101000000000
00000000000000000000101000001000
00000000000000000000101000001000
00000000000000000000101000010000
00000000000000000000101000010000
00000000000000000000101000010000
00000000000000000000101000010000
00000000000000000000101000010000
00000000000000000000101000010000
00000000000000000000101000010000
00000000000000000000101000011000
00000000000000000000101000011000
00000000000000000000101000011000
00000000000000000000101000100000
00000000000000000000101000101000
00000000000000000000101000101000
00000000000000000000101000101000
00000000000000000000101000110000
00000000000000000000101000110000
00000000000000000000101000110000
00000000000000000000101000110000
00000000000000000000101000110000
00000000000000000000101000110000
00000000000000000000101000110000
00000000000000000000101000111000
00000000000000000000101000111000
00000000000000000000101100000000
00000000000000000000101100001000
00000000000000000000101100001000
00000000000000000000101100001000
00000000000000000000101100001000
00000000000000000000101100001000
00000000000000000000101100001000
00000000000000000000101100010000
00000000000000000000101100010000
00000000000000000000101100010000
00000000000000000000101100010000
00000000000000000000101100010000
00000000000000000000101100010000
00000000000000000000101100010000
00000000000000000000101100011000
00000000000000000000101100011000
00000000000000000000101100100000
00000000000000000000101100100000
00000000000000000000101100100000
00000000000000000000101100100000
00000000000000000000101100100000
00000000000000000000101100101000
00000000000000000000101100101000
00000000000000000000101100101000
00000000000000000000101100110000
00000000000000000000101100110000
00000000000000000000101100110000
00000000000000000000101100110000
00000000000000000000101100110000
00000000000000000000101100110000
00000000000000000000101100110000
00000000000000000000101100111000
00000000000000000000101100111000
00000000000000000000101100111000
00000000000000000000101100111000
00000000000000000000101100111000
00000000000000000000101100111000
00000000000000000000110000000000
00000000000000000000110000000000
00000000000000000000110000000000
00000000000000000000110000000000
00000000000000000000110000000000
00000000000000000000110000001000
00000000000000000000110000001000
00000000000000000000110000010000
00000000000000000000110000010000
00000000000000000000110000010000
00000000000000000000110000011000
00000000000000000000110000011000
00000000000000000000110000011000
00000000000000000000110000011000
00000000000000000000110000011000
00000000000000000000110000100000
00000000000000000000110000100000
00000000000000000000110000100000
00000000000000000000110000101000
00000000000000000000110000110000
00000000000000000000110000110000
00000000000000000000110000110000
00000000000000000000110000110000
00000000000000000000110000110000
00000000000000000000110000110000
00000000000000000000110000110000
00000000000000000000110000111000
00000000000000000000110100000000
00000000000000000000110100000000
00000000000000000000110100000000
00000000000000000000110100001000
00000000000000000000110100001000
00000000000000000000110100001000
00000000000000000000110100001000
00000000000000000000110100010000
00000000000000000000110100010000
00000000000000000000110100010000
00000000000000000000110100011000
00000000000000000000110100011000
00000000000000000000110100011000
00000000000000000000110100011000
00000000000000000000110100011000
00000000000000000000110100100000
00000000000000000000110100100000
00000000000000000000110100100000
00000000000000000000110100100000
00000000000000000000110100100000
00000000000000000000110100100000
00000000000000000000110100100000
00000000000000000000110100101000
00000000000000000000110100110000
00000000000000000000110100110000
00000000000000000000110100110000
00000000000000000000110100110000
00000000000000000000110100111000
00000000000000000000111000000000
00000000000000000000111000000000
00000000000000000000111000000000
00000000000000000000111000000000
00000000000000000000111000000000
00000000000000000000111000001000
00000000000000000000111000001000
00000000000000000000111000001000
00000000000000000000111000001000
00000000000000000000111000010000
00000000000000000000111000010000
00000000000000000000111000010000
00000000000000000000111000010000
00000000000000000000111000010000
00000000000000000000111000010000
00000000000000000000111000011000
00000000000000000000111000011000
00000000000000000000111000011000
00000000000000000000111000011000
00000000000000000000111000100000
00000000000000000000111000101000
00000000000000000000111000101000
00000000000000000000111000101000
00000000000000000000111000101000
00000000000000000000111000101000
00000000000000000000111000101000
00000000000000000000111000110000
00000000000000000000111000111000
00000000000000000000111000111000
00000000000000000000111000111000
00000000000000000000111000111000
00000000000000000000111100000000
00000000000000000000111100001000
00000000000000000000111100001000
00000000000000000000111100001000
00000000000000000000111100001000
00000000000000000000111100001000
00000000000000000000111100010000
00000000000000000000111100010000
00000000000000000000111100010000
00000000000000000000111100010000
00000000000000000000111100010000
00000000000000000000111100010000
00000000000000000000111100011000
00000000000000000000111100011000
00000000000000000000111100011000
00000000000000000000111100100000
00000000000000000000111100100000
00000000000000000000111100100000
00000000000000000000111100100000
00000000000000000000111100100000
00000000000000000000111100100000
00000000000000000000111100101000
00000000000000000000111100101000
00000000000000000000111100101000
00000000000000000000111100110000
00000000000000000000111100110000
00000000000000000000111100110000
00000000000000000000111100110000
00000000000000000000111100110000
00000000000000000000111100110000
00000000000000000000111100111000
00000000000000000000111100111000
00000000000000000001000000000000
00000000000000000001000000000000
00000000000000000001000000000000
00000000000000000001000000000000
00000000000000000001000000000000
00000000000000000001000000000000
00000000000000000001000000000000
00000000000000000001000000001000
00000000000000000001000000001000
00000000000000000001000000010000
00000000000000000001000000010000
00000000000000000001000000010000
00000000000000000001000000010000
00000000000000000001000000011000
00000000000000000001000000011000
00000000000000000001000000011000
00000000000000000001000000011000
00000000000000000001000000011000
00000000000000000001000000011000
00000000000000000001000000100000
00000000000000000001000000101000
00000000000000000001000000101000
00000000000000000001000000101000
00000000000000000001000000101000
00000000000000000001000000101000
00000000000000000001000000110000
00000000000000000001000000110000
00000000000000000001000000110000
00000000000000000001000000110000
00000000000000000001000000110000
00000000000000000001000000110000
00000000000000000001000000110000
00000000000000000001000000111000
00000000000000000001000000111000
00000000000000000001000000111000
00000000000000000001000000111000
00000000000000000001000000111000
00000000000000000001000000111000
00000000000000000001000100000000
00000000000000000001000100001000
00000000000000000001000100001000
00000000000000000001000100010000
00000000000000000001000100011000
00000000000000000001000100011000
00000000000000000001000100011000
00000000000000000001000100100000
00000000000000000001000100100000
00000000000000000001000100100000
00000000000000000001000100100000
00000000000000000001000100100000
00000000000000000001000100100000
00000000000000000001000100101000
00000000000000000001000100101000
00000000000000000001000100101000
00000000000000000001000100101000
00000000000000000001000100101000
00000000000000000001000100110000
00000000000000000001000100111000
00000000000000000001000100111000
00000000000000000001000100111000
00000000000000000001001000000000
00000000000000000001001000000000
00000000000000000001001000000000
00000000000000000001001000000000
00000000000000000001001000001000
00000000000000000001001000001000
00000000000000000001001000010000
00000000000000000001001000010000
00000000000000000001001000011000
00000000000000000001001000011000
00000000000000000001001000011000
00000000000000000001001000011000
00000000000000000001001000011000
00000000000000000001001000011000
00000000000000000001001000100000
00000000000000000001001000100000
00000000000000000001001000100000
00000000000000000001001000101000
00000000000000000001001000101000
00000000000000000001001000101000
00000000000000000001001000101000
00000000000000000001001000110000
00000000000000000001001000110000
00000000000000000001001000110000
00000000000000000001001000110000
00000000000000000001001000111000
00000000000000000001001000111000
00000000000000000001001000111000
00000000000000000001001000111000
00000000000000000001001000111000
00000000000000000001001100000000
00000000000000000001001100000000
00000000000000000001001100001000
00000000000000000001001100010000
00000000000000000001001100010000
00000000000000000001001100010000
00000000000000000001001100010000
00000000000000000001001100010000
00000000000000000001001100010000
00000000000000000001001100010000
00000000000000000001001100011000
00000000000000000001001100011000
00000000000000000001001100011000
00000000000000000001001100100000
00000000000000000001001100100000
00000000000000000001001100100000
00000000000000000001001100100000
00000000000000000001001100100000
00000000000000000001001100100000
00000000000000000001001100101000
00000000000000000001001100101000
00000000000000000001001100101000
00000000000000000001001100101000
00000000000000000001001100110000
00000000000000000001001100110000
00000000000000000001001100110000
00000000000000000001001100110000
00000000000000000001001100110000
00000000000000000001001100110000
00000000000000000001001100111000
00000000000000000001010000000000
00000000000000000001010000000000
00000000000000000001010000000000
00000000000000000001010000000000
00000000000000000001010000001000
00000000000000000001010000001000
00000000000000000001010000001000
00000000000000000001010000001000
00000000000000000001010000001000
00000000000000000001010000010000
00000000000000000001010000011000
00000000000000000001010000011000
00000000000000000001010000011000
00000000000000000001010000011000
00000000000000000001010000011000
00000000000000000001010000100000
00000000000000000001010000100000
00000000000000000001010000100000
00000000000000000001010000100000
00000000000000000001010000100000
00000000000000000001010000100000
00000000000000000001010000100000
00000000000000000001010000101000
00000000000000000001010000101000
00000000000000000001010000101000
00000000000000000001010000101000
00000000000000000001010000101000
00000000000000000001010000101000
00000000000000000001010000101000
00000000000000000001010000110000
00000000000000000001010000110000
00000000000000000001010000110000
00000000000000000001010000110000
00000000000000000001010000110000
00000000000000000001010000110000
00000000000000000001010000111000
00000000000000000001010000111000
00000000000000000001010000111000
00000000000000000001010100000000
00000000000000000001010100000000
00000000000000000001010100000000
00000000000000000001010100001000
00000000000000000001010100010000
00000000000000000001010100010000
00000000000000000001010100011000
00000000000000000001010100011000
00000000000000000001010100011000
00000000000000000001010100011000
00000000000000000001010100011000
00000000000000000001010100100000
00000000000000000001010100100000
00000000000000000001010100100000
00000000000000000001010100100000
00000000000000000001010100100000
00000000000000000001010100100000
00000000000000000001010100100000
00000000000000000001010100101000
00000000000000000001010100101000
00000000000000000001010100101000
00000000000000000001010100101000
00000000000000000001010100101000
00000000000000000001010100110000
00000000000000000001010100110000
00000000000000000001010100110000
00000000000000000001010100110000
00000000000000000001010100110000
00000000000000000001010100110000
00000000000000000001010100111000
00000000000000000001011000000000
00000000000000000001011000000000
00000000000000000001011000001000
00000000000000000001011000001000
00000000000000000001011000010000
00000000000000000001011000011000
00000000000000000001011000011000
00000000000000000001011000100000
00000000000000000001011000100000
00000000000000000001011000100000
00000000000000000001011000100000
00000000000000000001011000100000
00000000000000000001011000100000
00000000000000000001011000101000
00000000000000000001011000101000
00000000000000000001011000101000
00000000000000000001011000101000
00000000000000000001011000110000
00000000000000000001011000110000
00000000000000000001011000110000
00000000000000000001011000110000
00000000000000000001011000110000
00000000000000000001011000110000
00000000000000000001011000110000
00000000000000000001011000111000
00000000000000000001011000111000
00000000000000000001011000111000
00000000000000000001011000111000
00000000000000000001011100000000
00000000000000000001011100000000
00000000000000000001011100000000
00000000000000000001011100000000
00000000000000000001011100000000
00000000000000000001011100001000
00000000000000000001011100010000
00000000000000000001011100010000
00000000000000000001011100010000
00000000000000000001011100010000
00000000000000000001011100010000
00000000000000000001011100011000
00000000000000000001011100011000
00000000000000000001011100011000
00000000000000000001011100011000
00000000000000000001011100011000
00000000000000000001011100100000
00000000000000000001011100100000
00000000000000000001011100100000
00000000000000000001011100101000
00000000000000000001011100101000
00000000000000000001011100110000
00000000000000000001011100110000
00000000000000000001011100110000
00000000000000000001011100110000
00000000000000000001011100110000
00000000000000000001011100110000
00000000000000000001011100111000
00000000000000000001100000000000
00000000000000000001100000000000
00000000000000000001100000000000
00000000000000000001100000000000
00000000000000000001100000000000
00000000000000000001100000000000
00000000000000000001100000000000
00000000000000000001100000001000
00000000000000000001100000001000
00000000000000000001100000010000
00000000000000000001100000010000
00000000000000000001100000011000
00000000000000000001100000011000
00000000000000000001100000011000
00000000000000000001100000011000
00000000000000000001100000011000
00000000000000000001100000011000
00000000000000000001100000100000
00000000000000000001100000100000
00000000000000000001100000100000
00000000000000000001100000100000
00000000000000000001100000100000
00000000000000000001100000101000
00000000000000000001100000101000
00000000000000000001100000101000
00000000000000000001100000101000
00000000000000000001100000101000
00000000000000000001100000101000
00000000000000000001100000110000
00000000000000000001100000110000
00000000000000000001100000110000
00000000000000000001100000110000
00000000000000000001100000110000
00000000000000000001100000110000
00000000000000000001100000111000
00000000000000000001100000111000
00000000000000000001100000111000
00000000000000000001100100000000
00000000000000000001100100000000
00000000000000000001100100000000
00000000000000000001100100001000
00000000000000000001100100001000
00000000000000000001100100001000
00000000000000000001100100001000
00000000000000000001100100001000
00000000000000000001100100001000
00000000000000000001100100001000
00000000000000000001100100010000
00000000000000000001100100010000
00000000000000000001100100010000
00000000000000000001100100010000
00000000000000000001100100010000
00000000000000000001100100011000
00000000000000000001100100011000
00000000000000000001100100100000
00000000000000000001100100100000
00000000000000000001100100100000
00000000000000000001100100100000
00000000000000000001100100101000
00000000000000000001100100101000
00000000000000000001100100101000
00000000000000000001100100101000
00000000000000000001100100110000
00000000000000000001100100110000
00000000000000000001100100110000
00000000000000000001100100111000
00000000000000000001100100111000
00000000000000000001100100111000
00000000000000000001100100111000
00000000000000000001100100111000
00000000000000000001100100111000
00000000000000000001100100111000
00000000000000000001101000000000
00000000000000000001101000000000
00000000000000000001101000001000
00000000000000000001101000001000
00000000000000000001101000001000
00000000000000000001101000010000
00000000000000000001101000010000
00000000000000000001101000011000
00000000000000000001101000011000
00000000000000000001101000100000
00000000000000000001101000100000
00000000000000000001101000100000
00000000000000000001101000101000
00000000000000000001101000101000
00000000000000000001101000110000
00000000000000000001101000110000
00000000000000000001101000110000
00000000000000000001101000110000
00000000000000000001101000111000
00000000000000000001101000111000
00000000000000000001101100000000
00000000000000000001101100000000
00000000000000000001101100000000
00000000000000000001101100001000
00000000000000000001101100001000
00000000000000000001101100001000
00000000000000000001101100001000
00000000000000000001101100010000
00000000000000000001101100011000
00000000000000000001101100100000
00000000000000000001101100100000
00000000000000000001101100100000
00000000000000000001101100100000
00000000000000000001101100100000
00000000000000000001101100100000
00000000000000000001101100101000
00000000000000000001101100101000
00000000000000000001101100110000
00000000000000000001101100110000
00000000000000000001101100111000
00000000000000000001101100111000
00000000000000000001101100111000
00000000000000000001101100111000
00000000000000000001101100111000
00000000000000000001101100111000
00000000000000000001101100111000
00000000000000000001110000000000
00000000000000000001110000000000
00000000000000000001110000000000
00000000000000000001110000000000
00000000000000000001110000000000
00000000000000000001110000000000
00000000000000000001110000000000
00000000000000000001110000001000
00000000000000000001110000001000
00000000000000000001110000001000
00000000000000000001110000001000
00000000000000000001110000010000
00000000000000000001110000010000
00000000000000000001110000010000
00000000000000000001110000010000
00000000000000000001110000011000
00000000000000000001110000011000
00000000000000000001110000011000
00000000000000000001110000011000
00000000000000000001110000011000
00000000000000000001110000011000
00000000000000000001110000011000
00000000000000000001110000100000
00000000000000000001110000100000
00000000000000000001110000100000
00000000000000000001110000101000
00000000000000000001110000101000
00000000000000000001110000101000
00000000000000000001110000101000
00000000000000000001110000110000
00000000000000000001110000110000
00000000000000000001110000110000
00000000000000000001110000111000
00000000000000000001110000111000
00000000000000000001110000111000
00000000000000000001110000111000
00000000000000000001110000111000
00000000000000000001110000111000
00000000000000000001110100000000
00000000000000000001110100000000
00000000000000000001110100000000
00000000000000000001110100000000
00000000000000000001110100000000
00000000000000000001110100000000
00000000000000000001110100000000
00000000000000000001110100001000
00000000000000000001110100001000
00000000000000000001110100001000
00000000000000000001110100001000
00000000000000000001110100010000
00000000000000000001110100010000
00000000000000000001110100010000
00000000000000000001110100010000
00000000000000000001110100010000
00000000000000000001110100010000
00000000000000000001110100010000
00000000000000000001110100011000
00000000000000000001110100011000
00000000000000000001110100011000
00000000000000000001110100011000
00000000000000000001110100100000
00000000000000000001110100101000
00000000000000000001110100101000
00000000000000000001110100101000
00000000000000000001110100110000
00000000000000000001110100111000
00000000000000000001110100111000
00000000000000000001110100111000
00000000000000000001110100111000
00000000000000000001110100111000
00000000000000000001110100111000
00000000000000000001111000000000
00000000000000000001111000000000
00000000000000000001111000000000
00000000000000000001111000001000
00000000000000000001111000001000
00000000000000000001111000001000
00000000000000000001111000001000
00000000000000000001111000001000
00000000000000000001111000001000
00000000000000000001111000010000
00000000000000000001111000010000
00000000000000000001111000010000
00000000000000000001111000010000
00000000000000000001111000010000
00000000000000000001111000010000
00000000000000000001111000011000
00000000000000000001111000011000
00000000000000000001111000100000
00000000000000000001111000100000
00000000000000000001111000100000
00000000000000000001111000100000
00000000000000000001111000101000
00000000000000000001111000101000
00000000000000000001111000110000
00000000000000000001111000110000
00000000000000000001111000110000
00000000000000000001111000110000
00000000000000000001111000111000
00000000000000000001111000111000
00000000000000000001111000111000
00000000000000000001111000111000
00000000000000000001111000111000
00000000000000000001111000111000
00000000000000000001111000111000
00000000000000000001111100000000
00000000000000000001111100000000
00000000000000000001111100000000
00000000000000000001111100000000
00000000000000000001111100000000
00000000000000000001111100000000
00000000000000000001111100001000
00000000000000000001111100001000
00000000000000000001111100001000
00000000000000000001111100001000
00000000000000000001111100001000
00000000000000000001111100001000
00000000000000000001111100001000
00000000000000000001111100010000
00000000000000000001111100010000
00000000000000000001111100010000
00000000000000000001111100010000
00000000000000000001111100011000
00000000000000000001111100011000
00000000000000000001111100011000
00000000000000000001111100011000
00000000000000000001111100011000
00000000000000000001111100100000
00000000000000000001111100101000
00000000000000000001111100101000
00000000000000000001111100110000
00000000000000000001111100110000
00000000000000000001111100110000
00000000000000000001111100110000
00000000000000000001111100110000
00000000000000000001111100111000
00000000000000000001111100111000
