?column?
00000000000010000001110111001010
00000000000010001000001000100111
00000000000010001100101011001011
00000000000010011110111000011001
00000000000010111011010111101000
00000000000010110010000101000010
00000000000010001000100011001101
00000000000010000110100011011001
00000000000010110101110010000111
00000000000010010100110010011010
00000000000010001111111000111000
00000000000010111111100000010001
00000000000010010110000111011011
00000000000010001001100001110001
00000000000010000110000101101101
00000000000010001000000101001110
00000000000010010001010010010001
00000000000010010101101010001100
00000000000010011000001100101010
00000000000010000101011111000000
00000000000010010110001101010001
00000000000010111001101000011101
00000000000010111010110110010111
00000000000010010101100100111001
00000000000010010001001010011011
00000000000010011110000110010011
00000000000010111111001111101100
00000000000010010100101110010010
00000000000010010101001101001011
00000000000010111011010001011001
00000000000010110111100110010111
00000000000010001000011100110100
00000000000010110111100100011011
00000000000010010111001110001001
00000000000010111111100001111011
00000000000010111010001001000001
00000000000010001001110100100011
00000000000010110110010011100110
00000000000010110001010110010001
00000000000010111110001011001111
00000000000010111110111011101010
00000000000010000101100010101000
00000000000010010100001101101001
00000000000010011011101110111100
00000000000010000001101001101010
00000000000010110011111000100001
00000000000010010101010000101101
00000000000010011101100100110100
00000000000010011110100010011110
00000000000010010001000001011110
00000000000010110000110111000000
00000000000010111101010011010000
00000000000010000110011111000010
00000000000010110100001111010000
00000000000010011010011110010001
00000000000010000100001110000111
00000000000010001011001101010110
00000000000010011001001111000100
00000000000010111000000111100010
00000000000010011111010011001100
00000000000010000001111110100110
00000000000010111110011011101101
00000000000010110010110011000100
00000000000010110100110000111000
00000000000010001110101010100011
00000000000010111110110111101100
00000000000010011011101111001110
00000000000010001011110111001000
00000000000010011110001010110011
00000000000010111001101001001101
00000000000010010011110111001001
00000000000010011001111111100101
00000000000010111100010001111010
00000000000010011011111011010001
00000000000010110001010111000111
00000000000010111011100010101101
00000000000010001111001000111011
00000000000010011010111101010000
00000000000010111110101011101010
00000000000010011100011110011011
00000000000010010001100100110011
00000000000010011011110110001111
00000000000010000110101101000110
00000000000010000110100001000000
00000000000010110001110000001000
00000000000010111001111001000110
00000000000010111101101001110101
00000000000010011010101001010111
00000000000010010011101000010000
00000000000010001101011111000010
00000000000010010111000010111011
00000000000010011000011000111000
00000000000010110011110110001100
00000000000010011001000011010011
00000000000010011101100100011000
00000000000010110100011010010110
00000000000010001011110010110111
00000000000010011101010010011110
00000000000010000110110110001110
00000000000010000100010010110011
00000000000010010101100110100001
00000000000010011001100011011100
00000000000010011110011110101100
00000000000010011000101010001111
00000000000010110110110001011001
00000000000010110100110100101101
00000000000010001111100111000100
00000000000010010100011010001110
00000000000010111110110110110010
00000000000010001101101101111111
00000000000010000011000010101101
00000000000010111010011011101101
00000000000010110001100100000101
00000000000010111110111011011110
00000000000010111100000011000000
00000000000010000000101011110100
00000000000010010001100111101010
00000000000010011111111011001110
00000000000010010100001101101101
00000000000010110000110010010000
00000000000010000101011000011010
00000000000010011001111011001001
00000000000010100010100101101011
00000000000010001001101111101000
00000000000010001100001010110110
00000000000010110100100110010110
00000000000010000011100101111000
00000000000010111100110001001100
00000000000010110111011011001101
00000000000010010100100000001100
00000000000010110100010110011011
00000000000010001010011011101001
00000000000010110010001011000100
00000000000010000100111011011111
00000000000010001000101000000001
00000000000010010011111101011100
00000000000010000101111110001100
00000000000010001000110001011011
00000000000010001101101011101111
00000000000010110111011010001100
00000000000010111011001110110111
00000000000010000100100110100110
00000000000010011110000110010010
00000000000010000001111101000000
00000000000010111101000000010100
00000000000010000101011100111001
00000000000010110110011010011000
00000000000010111011011001110001
00000000000010010011110111100011
00000000000010000001110101100111
00000000000010001111110101100001
00000000000010001111110000000111
00000000000010010010000101111000
00000000000010110110000101001001
00000000000010010100111000010110
00000000000010110000111101100001
00000000000010110100110101011001
00000000000010000100010111011111
00000000000010000101100110111001
00000000000010110000010100111111
00000000000010010011110101000000
00000000000010000111010111111000
00000000000010100010111111000011
00000000000010110011101000000001
00000000000010001000110011111100
00000000000010010101111110101111
00000000000010011111001011100000
00000000000010010100000111000100
00000000000010011011110100110000
00000000000010001001100011010010
00000000000010011100101010000101
00000000000010010110110010110010
00000000000010001010100001011000
00000000000010010010101001001100
00000000000010010001101010101010
00000000000010110011100001100110
00000000000010111011110110110111
00000000000010111011101110001001
00000000000010110110111110111010
00000000000010010110110000011111
00000000000010110110111010010110
00000000000010111111111010101000
00000000000010011001101010001010
00000000000010110101101100000011
00000000000010010101000000101011
00000000000010111000000110111001
00000000000010000000111010100100
00000000000010000111011001011001
00000000000010000011011000110011
00000000000010110010000010100010
00000000000010010100001101010110
00000000000010010111100111111010
00000000000010001000001101101110
00000000000010111110000011111100
00000000000010000101101101001101
00000000000010011100100000111001
00000000000010010110110101011100
00000000000010000011110001010100
00000000000010010101001001010111
00000000000010110001000101001101
00000000000010110110110011000010
00000000000010100010000110000000
00000000000010110100111111110010
00000000000010110010001000101100
00000000000010011101011011011000
00000000000010110110111001100010
00000000000010001100110010010011
00000000000010001001000011110101
00000000000010111100010011110010
00000000000010110111110100111100
00000000000010001010101000001010
00000000000010010100110110100000
00000000000010110111001001001000
00000000000010011111010000000100
00000000000010011100111111111010
00000000000010110111111110100001
00000000000010110111011110000010
00000000000010011001001001111010
00000000000010000001100111110111
00000000000010001011110110000100
00000000000010011100100100110100
00000000000010111011001001110011
00000000000010110111100110010011
00000000000010000111010101110100
00000000000010110100110000110110
00000000000010010001000111001010
00000000000010010101110111111011
00000000000010011101101101101011
00000000000010000100101000101001
00000000000010001100010001001001
00000000000010000001111010100010
00000000000010001000111101101110
00000000000010111100110111010010
00000000000010011101000000101100
00000000000010011001111000000011
00000000000010000000000100110111
00000000000010011111010110100100
00000000000010111111110111001101
00000000000010001111110000001000
00000000000010000010100111011110
00000000000010111101110101011000
00000000000010111100111010010011
00000000000010001100100111101011
00000000000010001010001110101000
00000000000010110101001001100011
00000000000010111000100111010100
00000000000010111101010100010101
00000000000010001000110101001101
00000000000010011010000010111000
00000000000010000000110010001010
00000000000010010011110011110000
00000000000010100010000000111100
00000000000010010110010011110000
00000000000010000100000011101010
00000000000010110111111001101010
00000000000010011101110100010100
00000000000010010011110000110011
00000000000010000110111101101111
00000000000010010101110101101010
00000000000010111110110001011101
00000000000010111010011000100110
00000000000010001010001110111010
00000000000010011101110000111011
00000000000010011110101001001100
00000000000010001000011011111010
00000000000010111001010001011010
00000000000010111110110010110100
00000000000010111011001001011101
00000000000010111011011111011011
00000000000010111000000111011101
00000000000010011100000001010101
00000000000010000100011001000100
00000000000010111010010111010111
00000000000010011111110111100001
00000000000010001111101010100010
00000000000010000010010101010101
00000000000010011101111101010101
00000000000010011001000001111011
00000000000010111100110011010000
00000000000010110111110011011011
00000000000010001010011101000110
00000000000010110011011010101111
00000000000010111000010111011000
00000000000010011101111000010111
00000000000010000001111000111101
00000000000010110111101010110110
00000000000010001010101011001110
00000000000010111000110101011000
00000000000010000100010000110011
00000000000010010000101010110011
00000000000010111011111100011111
00000000000010001101111010110100
00000000000010111110010000100100
00000000000010000011110100011100
00000000000010110010110110101010
00000000000010000001101010000111
00000000000010001010001001000110
00000000000010110110000011010001
00000000000010010001101101111011
00000000000010001000000111000001
00000000000010100010100000100101
00000000000010011101111011110000
00000000000010011010100110010011
00000000000010110101001001110110
00000000000010111011111011100111
00000000000010110101100100011110
00000000000010000111000101111110
00000000000010011001101110100100
00000000000010001011000010100011
00000000000010111111101101111001
00000000000010010101000111111011
00000000000010110001011001110001
00000000000010110000000111110011
00000000000010001111011111101000
00000000000010111101001000101110
00000000000010011101100110101110
00000000000010100010001111101001
00000000000010100010111100010101
00000000000010001001010111110011
00000000000010010000110110100110
00000000000010110011001100000100
00000000000010010101010000001100
00000000000010111001100011110010
00000000000010010001100100101101
00000000000010000101100111100111
00000000000010011111000010111001
00000000000010000000100000110110
00000000000010111000111110000110
00000000000010111011110000100011
00000000000010001111100000000011
00000000000010110101100011010000
00000000000010011110101011010000
00000000000010110111011110110111
00000000000010111001100100010100
00000000000010010101111010011000
00000000000010111101011010000100
00000000000010011001110101000011
00000000000010110001101100001001
00000000000010011100011110010101
00000000000010111011101011110011
00000000000010010010000011111110
00000000000010011011101101110100
00000000000010000110011110010000
00000000000010001101000101100101
00000000000010001001110111111111
00000000000010110000110011110010
00000000000010110101001000100000
00000000000010110110001011010001
00000000000010010111101011000001
00000000000010000111110011100001
00000000000010000011110100100101
00000000000010100010010110010110
00000000000010010010010101000000
00000000000010010010000000111111
00000000000010100010000110111010
00000000000010111111101011101000
00000000000010000010010110110011
00000000000010000110001010000001
00000000000010010010010001010010
00000000000010111100111101101110
00000000000010010100101101110011
00000000000010010011010100101100
00000000000010111110011001111011
00000000000010010011111000110100
00000000000010010101001100001011
00000000000010111101000101111111
00000000000010001001011010000011
00000000000010110011100100011111
00000000000010000110110100100010
00000000000010001110010011111000
00000000000010000110100110100010
00000000000010011001010110111100
00000000000010110111010010000101
00000000000010000110011101100001
00000000000010011011111011001000
00000000000010000100110101001110
00000000000010000001100000100001
00000000000010011010001110101101
00000000000010010010101101101000
00000000000010010110111010111001
00000000000010110001111011110110
00000000000010000000101111001001
00000000000010010101010110001000
00000000000010010100110110000001
00000000000010001110010011111010
00000000000010001000001011011111
00000000000010110011101100000110
00000000000010111111011110001110
00000000000010010001100001001110
00000000000010110101101110110110
00000000000010110000011001011100
00000000000010000001011000110000
00000000000010110111111101111110
00000000000010111000010100001111
00000000000010000001100011110000
00000000000010011001011110110110
00000000000010111011000111100011
00000000000010001101010001011100
00000000000010001110011010111111
00000000000010110111100101111011
00000000000010110111010110100101
00000000000010001101111010110101
00000000000010000001110000101111
00000000000010010100111101000111
00000000000010111100100101101000
00000000000010000100110100110101
00000000000010100010001100100011
00000000000010000101101100101001
00000000000010100010001001111000
00000000000010001100011010010000
00000000000010011100101100111001
00000000000010110011111000010010
00000000000010011100000000011100
00000000000010011011100110111011
00000000000010011010011101100010
00000000000010010001111010110011
00000000000010110100110101100011
00000000000010011111010010100011
00000000000010000010001011011000
00000000000010011101101001001011
00000000000010010010010011011110
00000000000010111000011111001100
00000000000010111001110101010001
00000000000010010011011011000001
00000000000010110010001100001111
00000000000010110000100001101111
00000000000010010101111101110001
00000000000010011011111111010000
00000000000010011001001001100010
00000000000010010110101001110010
00000000000010010000001101000000
00000000000010000011101100010000
00000000000010000100011010100111
00000000000010110010000111100010
00000000000010011010110111001010
00000000000010001111110010011001
00000000000010000011001100100000
00000000000010011101000011111100
00000000000010000011110100011011
00000000000010011000001001110010
00000000000010011101001100100110
00000000000010000100010000101101
00000000000010110101010001000011
00000000000010001001111001000101
00000000000010111001111000011011
00000000000010010000001000001101
00000000000010110011010110010101
00000000000010000110100011100100
00000000000010110011011010101100
00000000000010001010010111010111
00000000000010110110000011100110
00000000000010110000110001011101
00000000000010100010001011111111
00000000000010011011001101111110
00000000000010000101100000101100
00000000000010000110010101101100
00000000000010001011110100011011
00000000000010001100001101010111
00000000000010110000100110010000
00000000000010001011111011110011
00000000000010010001100101101101
00000000000010001111010111110011
00000000000010011011000011001010
00000000000010110001000111101011
00000000000010000000001110011111
00000000000010010111001110110101
00000000000010001110100110110100
00000000000010001011011000111000
00000000000010010001001011000101
00000000000010000111100001001011
00000000000010011101000000110110
00000000000010011111111110010010
00000000000010110000101110011000
00000000000010001110001000111110
00000000000010110001110000111011
00000000000010110111011001010000
00000000000010011101110010011000
00000000000010010100011110011011
00000000000010110111110010111110
00000000000010111111101111111111
00000000000010001110001101110001
00000000000010111110000010111011
00000000000010000010101100101011
00000000000010011000000001011111
00000000000010001101111010110111
00000000000010110000111111001011
00000000000010000111011100101010
00000000000010000000000000000110
00000000000010001001110010100000
00000000000010001000111011101001
00000000000010110001100110000000
00000000000010011000011111111101
00000000000010110100011000100001
00000000000010001000100111011001
00000000000010111000000100001101
00000000000010001000010100111010
00000000000010110000010110011110
00000000000010011111010000011000
00000000000010111110010101000001
00000000000010000011011111111000
00000000000010110101110011001111
00000000000010011101110100110111
00000000000010111010000100111001
00000000000010001000101100111000
00000000000010000101111010000100
00000000000010111000100111101010
00000000000010110100010100001111
00000000000010111011001011100000
00000000000010010100011010101011
00000000000010100010000101100111
00000000000010010101000001010110
00000000000010010001011001101111
00000000000010111100101000010101
00000000000010111110100111000110
00000000000010010100110010000000
00000000000010010111011100111101
00000000000010110010000100010000
00000000000010010011111101010110
00000000000010001000000101010100
00000000000010011010011000110110
00000000000010110101110000111010
00000000000010000010111100110001
00000000000010011101110100111011
00000000000010111110000000101101
00000000000010001011100000001101
00000000000010000000101100100010
00000000000010001001000001100001
00000000000010110110111011111101
00000000000010000010111110111101
00000000000010001110001110101010
00000000000010011101011010010111
00000000000010010011111110010000
00000000000010111000100101111000
00000000000010000100000001000101
00000000000010000001010100001000
00000000000010010111001000111000
00000000000010000100100110001111
00000000000010001011110011010111
00000000000010011011101111100110
00000000000010110010010010000111
00000000000010110111111000111000
00000000000010001110101100111111
00000000000010001110111010101010
00000000000010010010011010111000
00000000000010001001000011010110
00000000000010001011101100010000
00000000000010000111110001010010
00000000000010111000100011111011
00000000000010011001111001001101
00000000000010000111110011111100
00000000000010000001110111100010
00000000000010111110110000010000
00000000000010111100101011011101
00000000000010111010000000110100
00000000000010000110011011010000
00000000000010111101010011001110
00000000000010110110110110001000
00000000000010111001010100001101
00000000000010011101011110111111
00000000000010010101000011011000
00000000000010011010010100001000
00000000000010011101111110110001
00000000000010010000010111011000
00000000000010110101111000101010
00000000000010111111100001001100
00000000000010110101111000011111
00000000000010011011001111010100
00000000000010010100111011000001
00000000000010111110100011100000
00000000000010110010000101001101
00000000000010000111011101101101
00000000000010011111101111110111
00000000000010000001101010100011
00000000000010010011010011001000
00000000000010110001001000110111
00000000000010011000000111000001
00000000000010110101101101110011
00000000000010000101010000001101
00000000000010110011111111000110
00000000000010001001011011001010
00000000000010010001110010010100
00000000000010001111011101011101
00000000000010010011110101011110
00000000000010011100000000010001
00000000000010011010001101011011
00000000000010111001111000010011
00000000000010111101011110000110
00000000000010111100111111100001
00000000000010000001011100111100
00000000000010001110101101101001
00000000000010110101110100101000
00000000000010100010010011000001
00000000000010001011110100110011
00000000000010000101101001111101
00000000000010010010010111111100
00000000000010000010010100000110
00000000000010110010001111111111
00000000000010111011001010101101
00000000000010000011110001000100
00000000000010010011111000110010
00000000000010111111011000110011
00000000000010010100000110010101
00000000000010111000111001100101
00000000000010010011001100111000
00000000000010111100100100011110
00000000000010111110101011101111
00000000000010110111001011001011
00000000000010110111100101101000
00000000000010111110010011000101
00000000000010000001010111110101
00000000000010011111001110010011
00000000000010011111100111011110
00000000000010111101110111010011
00000000000010111101010111001101
00000000000010001101011101110011
00000000000010000100010001010101
00000000000010111011000101110011
00000000000010010010000011001100
00000000000010010001110110101000
00000000000010000010000111011001
00000000000010011011011010001101
00000000000010111010001010001100
00000000000010000001011001100111
00000000000010000100000100110011
00000000000010010001101100011100
00000000000010110000011010111100
00000000000010000100010010111001
00000000000010111010010010111010
00000000000010001100001111011111
00000000000010111010101010101100
00000000000010001101100010011001
00000000000010000001111110010100
00000000000010010110101110100110
00000000000010110110110101101011
00000000000010111010101110001011
00000000000010000100111011101001
00000000000010011100101000010110
00000000000010000001010110101010
00000000000010011101010001111011
00000000000010010001101010000111
00000000000010111000100110110000
00000000000010010110110101001100
00000000000010000111010101111000
00000000000010011010011001100010
00000000000010010101011010111110
00000000000010110000010010100111
00000000000010000111010010011001
00000000000010001100000110010111
00000000000010001011100011110111
00000000000010001001111011000100
00000000000010010101100111111100
00000000000010010101001100111001
00000000000010111111111100010100
00000000000010000101011000001101
00000000000010110000011000001010
00000000000010001111011011101111
00000000000010000000110111100100
00000000000010000011010001110111
00000000000010111001110001010000
00000000000010001111001010010111
00000000000010010000111010001011
00000000000010000011100111110110
00000000000010010001100000011111
00000000000010111110111011001001
00000000000010011001011010101011
00000000000010110100111011101010
00000000000010111111110110000010
00000000000010001011101011101011
00000000000010010101111101101000
00000000000010110001000011000001
00000000000010111110100110101010
00000000000010010101110001101011
00000000000010010110101001011110
00000000000010000110011001100000
00000000000010010111111010101101
00000000000010111111111010000111
00000000000010110011111110100101
00000000000010001101000110100100
00000000000010011111001100000101
00000000000010001010110110001001
00000000000010110010001110100011
00000000000010000001100010100101
00000000000010011001011011111100
00000000000010000001001100110001
00000000000010001110000000001101
00000000000010011001111100011010
00000000000010011001000010011010
00000000000010001011110110100111
00000000000010000001111101000111
00000000000010001100010101110000
00000000000010001010111000100111
00000000000010000100100001101001
00000000000010110011101011011011
00000000000010110010110101101010
00000000000010001011111110111011
00000000000010010000101001101000
00000000000010000000010111010010
00000000000010110101101000010101
00000000000010000111101100100001
00000000000010111010001100000101
00000000000010001100000000110101
00000000000010110011100100110000
00000000000010110011000011110010
00000000000010111101101010001111
00000000000010001101110110101100
00000000000010011010110111110000
00000000000010010100101111011100
00000000000010000101110110100001
00000000000010110000100111001110
00000000000010111010010110001000
00000000000010000000111001000011
00000000000010001111010011101100
00000000000010001101100111001111
00000000000010010100111010111111
00000000000010001100101101010001
00000000000010011010000101011111
00000000000010011110100100010000
00000000000010011110100001101011
00000000000010010010111100101011
00000000000010001100101011001111
00000000000010011101111011001100
00000000000010111111010111000111
00000000000010010101101110010000
00000000000010001010100011110110
00000000000010010111010001011101
00000000000010111011001001000001
00000000000010001101101100010101
00000000000010111000010010011011
00000000000010001100000001100110
00000000000010000110111010100001
00000000000010110110100110110010
00000000000010000001101111000100
00000000000010111011010111001001
00000000000010011000101001110111
00000000000010110011111110101001
00000000000010001111011000010000
00000000000010000010111111110001
00000000000010001101101001000100
00000000000010011000010101011111
00000000000010111000100001101010
00000000000010011110011000101111
00000000000010000100111111111101
00000000000010011000111100000100
00000000000010011001101110011111
00000000000010111010001111110000
00000000000010111101011011101101
00000000000010110010011001100010
00000000000010010001100011101100
00000000000010001100111101011110
00000000000010000011111111101100
00000000000010010000100011010000
00000000000010001001011110110110
00000000000010110010110001100101
00000000000010011111110100000001
00000000000010011011101111101110
00000000000010010111010111000111
00000000000010110011110110001100
00000000000010001111111100110010
00000000000010000010101011100110
00000000000010111010111100000100
00000000000010011010011000101110
00000000000010010100010101001000
00000000000010110000110010100110
00000000000010001000000011110000
00000000000010010011110011001010
00000000000010000001001110010110
00000000000010111001111110000111
00000000000010010100100011111001
00000000000010001011111010001000
00000000000010100010000011011000
00000000000010110010010101011111
00000000000010001010100110111010
00000000000010000011101110110111
00000000000010011111001100110100
00000000000010011010111101000100
00000000000010010101000111100000
00000000000010011010010111101111
00000000000010011110001101010011
00000000000010111111011001000011
00000000000010111011000110000101
00000000000010001111100101110110
00000000000010010101110011110011
00000000000010011100111010010111
00000000000010001111011101001010
00000000000010010110001100000000
00000000000010000001100111001001
00000000000010011101111101010100
00000000000010001000011101111001
00000000000010100010000000100111
00000000000010011101001001110101
00000000000010001100010010001010
00000000000010001110001001010101
00000000000010110101101001000010
00000000000010010110010010011000
00000000000010111000100110000110
00000000000010011010101010000111
00000000000010111001001111110110
00000000000010000001101111101000
00000000000010110011001010101010
00000000000010000111101011010110
00000000000010111100001101110100
00000000000010001011100001001111
00000000000010011011110111100011
00000000000010110100001110111011
00000000000010000001010110100111
00000000000010110001110010011100
00000000000010000101000001010110
00000000000010011010001100101010
00000000000010001011100000000011
00000000000010000110101000111001
00000000000010111000110001100111
00000000000010000110001101011011
00000000000010010110001100011000
00000000000010011111010000010101
00000000000010001011110000011110
00000000000010010001010110010100
00000000000010110111101111001011
00000000000010100010011100001000
00000000000010010001011001111111
00000000000010011110101110101010
00000000000010010011010010011111
00000000000010001110111101000001
00000000000010000011101100000011
00000000000010111101000001001101
00000000000010001010010011110011
00000000000010011011110011111001
00000000000010110010001010001000
00000000000010011100101110011011
00000000000010110110011110110111
00000000000010010111110110000010
00000000000010011010100100010000
00000000000010011011101110101100
00000000000010111110000101100010
00000000000010001000000001000111
00000000000010000111110110010110
00000000000010001111000001001000
00000000000010001010111000011111
00000000000010110000011110110001
00000000000010000011101000011001
00000000000010010010010111000000
00000000000010110000010101111010
00000000000010111111101011111110
00000000000010011111001100010000
00000000000010010011110110100111
00000000000010011101011001011010
00000000000010011011000101011010
00000000000010000100000011111010
00000000000010110111010100010011
00000000000010011000010001010111
00000000000010010100110001001100
00000000000010110011111101000100
00000000000010010000000100001011
00000000000010111011110001100000
00000000000010111100111011111010
00000000000010000000101100010111
00000000000010111110100000111000
00000000000010011001111001110111
00000000000010000100111001110000
00000000000010011010010101000011
00000000000010010111110111001000
00000000000010110010000111011010
00000000000010000101011010011110
00000000000010110001101011010100
00000000000010001010010001101010
00000000000010111101111101101111
00000000000010010010111010011111
00000000000010100010011110010111
00000000000010001111100000011111
00000000000010000010011110010111
00000000000010110100010001111011
00000000000010001110010010101000
00000000000010011110000101100011
00000000000010110011001111000110
00000000000010111000001000110001
00000000000010010010010000111110
00000000000010110101100001001010
00000000000010010010011010111111
00000000000010001110110011101110
00000000000010001110110110111011
00000000000010010110011100000101
00000000000010111001000101011111
00000000000010011001100100001101
00000000000010001111010100010101
00000000000010111000001100001101
00000000000010111011100010111010
00000000000010001000011101111101
00000000000010110000010000101101
00000000000010111001101111000010
00000000000010110000111010010010
00000000000010010011000110000101
00000000000010000011101101111111
00000000000010010101100010011001
00000000000010011010000011101110
00000000000010100010001011010010
00000000000010010101100100010101
00000000000010001011101100100001
00000000000010110101000001100001
00000000000010110100010100010000
00000000000010111001011010001101
00000000000010110010011100001001
00000000000010001101001001101110
00000000000010111000011010100000
00000000000010110001011001000011
00000000000010111110100101110010
00000000000010011000001011001100
00000000000010001011101101001111
00000000000010110100001100010011
00000000000010011010001000010101
00000000000010110001001111111110
00000000000010010101100110110110
00000000000010010101110010010111
00000000000010011001010110100111
00000000000010000001001101101111
00000000000010100010011000000111
00000000000010110110101110100111
00000000000010111011010110000111
00000000000010010111000010001100
00000000000010001100011100000011
00000000000010011110110000100111
00000000000010010000111100111110
00000000000010001000010111001001
00000000000010000011000010111001
00000000000010010000001001111100
00000000000010011100000111000000
00000000000010000100101001111000
00000000000010011000100001101110
00000000000010001000000010100010
00000000000010001111101011100010
00000000000010110000010110110011
00000000000010010011101110110010
00000000000010000111011111011000
00000000000010011011110000010001
00000000000010010010000010000101
00000000000010001101001101001101
00000000000010110000000010011000
00000000000010010011110110100110
00000000000010011110010111011011
00000000000010001111111110001110
00000000000010110111000110101110
00000000000010010011000100101010
00000000000010110000011010111101
00000000000010000100110101100101
00000000000010110110111010101101
00000000000010110010110100101011
00000000000010011001000110001110
00000000000010010111011100000000
00000000000010000000111001011110
00000000000010001001110100100111
00000000000010100010110011111101
00000000000010000001100101001011
00000000000010111000000100010110
00000000000010011010001110001010
00000000000010011101001110000111
00000000000010000010111000111101
00000000000010111101000001011110
00000000000010110110110010111110
00000000000010000010010101110001
00000000000010010011101000111101
00000000000010111000101101101101
00000000000010011010001100101110
00000000000010001010011001100110
00000000000010111101000000101011
00000000000010110001111001010000
00000000000010000101100001000100
00000000000010011111110100101100
00000000000010010100010100000100
00000000000010110001111010010110
00000000000010010100001010000011
00000000000010010010011011000000
00000000000010111101010001100010
00000000000010010010001110011101
00000000000010110010011111011000
00000000000010011011100110101011
00000000000010010001110110100000
00000000000010011011101110110010
00000000000010110011111011011100
00000000000010001101010110110011
00000000000010011011100001000101
00000000000010001110010110010001
00000000000010000011010101101110
00000000000010000001100101010011
00000000000010001111100000101110
00000000000010001110010000000010
00000000000010001101111101000111
00000000000010001001000001001001
00000000000010001001101001001110
00000000000010011001000101010010
00000000000010000001000101110110
00000000000010010100011100001010
00000000000010100010101100010110
00000000000010111001000100000000
00000000000010000011101011101101
00000000000010010000101101011000
00000000000010001000001000000100
00000000000010001100101001001010
00000000000010000010111011110100
00000000000010001011010001111000
00000000000010000011001110010001
00000000000010011011101000010110
00000000000010011110100111011000
