jsonb_array_elements
751687
198429
751687
188731
751712
198465
751713
100596
751713
108935
751713
65198
751713
171894
751713
7759
751714
103586
751714
160715
751714
136211
751714
88319
751714
167397
751714
29821
751714
194369
751715
149079
751715
157633
751715
134262
751716
165859
751716
185007
751717
101248
751717
70294
751717
29447
751717
104548
751718
68810
751718
87944
751718
73022
751718
74324
751718
151662
751718
171449
751718
134857
751719
126947
751744
95139
751744
194503
751744
6016
751744
98827
751744
174655
751744
18052
751744
189660
751745
12870
751746
107308
751746
110273
751746
153716
751747
23189
751747
134649
751747
36510
751747
16305
751747
27626
751748
38786
751748
69529
751748
157478
751748
130383
751748
142574
751749
2938
751749
174604
751749
168334
751749
174156
751749
36313
751749
95918
751749
79164
751750
103726
751750
110998
751750
128604
751751
188462
751751
68703
751751
82824
751751
8338
751751
129181
751776
74367
751776
74396
751777
191836
751777
176134
751778
94946
751778
142805
751779
125134
751779
114329
751779
122613
751779
147870
751779
34978
751780
93740
751780
80837
751780
23329
751780
81381
751780
163362
751781
34019
751782
119114
751782
139944
751782
29537
751782
13796
751782
53485
751782
114282
751783
48747
751783
83979
751808
107320
751808
112215
751808
196956
751808
26255
751808
61853
751809
106013
751809
145165
751809
185811
751809
110160
751810
96040
751810
129405
751810
105627
751810
63711
751811
110040
751812
43926
751812
59203
751813
162113
751813
30793
751813
129263
751814
22892
751814
136185
751814
49972
751815
72566
751815
12352
751815
193681
751840
46937
751840
53535
751840
157736
751840
65487
751841
103413
751841
57503
751841
51701
751841
129477
751842
26378
751842
125863
751842
166346
751843
151571
751843
52487
751844
193560
751844
147035
751844
12440
751845
129556
751846
38047
751847
111837
751847
39918
751872
141653
751872
145525
751872
26711
751872
125005
751872
157047
751872
78383
751872
181165
751873
28395
751874
176917
751874
35639
751874
179788
751874
80671
751874
30696
751874
94280
751874
152117
751875
27588
751875
70877
751875
28900
751875
116154
751876
42518
751876
190628
751877
19765
751878
142000
751878
189021
751878
63926
751878
193980
751878
8846
751879
114734
751879
132032
751879
47359
751904
166665
751904
137752
751904
191540
751904
199097
751904
19845
751904
122591
751905
190530
751905
22380
751906
4367
751906
182426
751906
20656
751906
160524
751907
70235
751908
52800
751908
195977
751908
171270
751908
125671
751908
141863
751908
83252
751908
5857
751909
29739
751909
16770
751909
41302
751909
157699
751910
35798
751910
49639
751910
76644
751910
154525
751910
90494
751910
116759
751910
157200
751911
54848
751911
15635
751911
167277
751911
21479
751911
193170
751911
5019
751911
138250
751936
161381
751936
129094
751936
82339
751936
70055
751937
24921
751938
95792
751939
120162
751939
161384
751939
168125
751940
22660
751940
36422
751941
45976
751941
106907
751941
184099
751942
82842
751942
122717
751942
96900
751942
194642
751942
148088
751942
108080
751943
104631
751943
116525
751943
25215
751943
180701
751943
39432
751943
131969
751943
189315
751968
16249
751968
86334
751968
10993
751968
152637
751968
161849
751968
194904
751968
142012
751969
189711
751969
61120
751969
30136
751969
82449
751969
117775
751969
32586
751970
124193
751970
109235
751970
100205
751970
134672
751970
29013
751970
20533
751970
92381
751971
43767
751971
187657
751971
148523
751971
22894
751971
173440
751971
196151
751972
197688
751972
137733
751972
78397
751972
14348
751972
144177
751972
180432
751972
117533
751973
170734
751973
110831
751973
135516
751974
83710
751974
110797
751974
156484
751974
20149
751974
32969
751974
98316
751974
193279
751975
32102
751975
124275
752000
27163
752000
113592
752000
137803
752000
48558
752000
113050
752001
117588
752001
97269
752001
196034
752001
129432
752001
155075
752001
136886
752001
26413
752002
113539
752002
33627
752002
166817
752002
83540
752002
50495
752003
60985
752004
138441
752004
176197
752005
58475
752005
183848
752005
127459
752005
2000
752006
110834
752007
85371
752007
24255
752007
47835
752007
161842
752007
65636
752007
132365
752007
56604
752032
136891
752032
113675
752032
133569
752033
5421
752033
99987
752034
36716
752034
72220
752034
189657
752034
157600
752034
171261
752035
199203
752035
195778
752035
30248
752035
164677
752036
85810
752036
199420
752036
45724
752036
77123
752037
146300
752037
57660
752037
78875
752037
49891
752037
116477
752038
171547
752039
193271
752039
101522
752039
68895
752039
113621
752039
17431
752064
156271
752064
40908
752064
124780
752065
124802
752065
131592
752065
61424
752065
137020
752065
88274
752066
39923
752066
185542
752067
117849
752067
78115
752067
78021
752067
84315
752068
153870
752069
158884
752069
158752
752069
143084
752069
647
752069
67118
752069
38820
752069
35607
752070
33080
752071
5649
752071
137443
752071
188177
752071
74343
752071
70262
752096
131708
752096
199881
752097
127811
752097
107827
752097
41905
752098
195253
752098
5481
752099
176787
752099
43108
752099
115668
752099
18716
752099
155648
752100
38308
752100
28587
752100
50413
752100
79312
752100
183444
752100
127946
752100
176735
752101
183299
752101
95340
752101
164657
752102
143473
752102
139690
752102
156948
752102
15109
752103
168037
752103
183597
752103
102940
752103
108409
752103
19502
752103
160224
752128
77446
752128
29578
752128
103537
752128
131369
752128
113569
752128
152415
752128
38487
752129
44654
752129
83520
752129
115779
752129
85543
752130
20554
752131
178295
752131
191734
752131
64010
752131
2156
752131
34761
752131
23987
752132
32014
752132
45342
752132
53430
752133
100126
752133
5775
752133
54585
752133
1398
752134
95006
752134
159018
752135
23917
752135
167718
752135
28570
752135
160004
752160
102517
752161
16875
752161
10954
752161
93128
752161
188133
752161
147855
752161
196155
752161
173255
752162
95990
752162
93234
752162
182034
752162
39966
752163
53835
752163
191424
752164
152723
752164
7422
752164
134678
752164
125290
752164
145788
752164
46813
752164
174230
752165
77105
752165
96850
752165
146945
752165
95641
752166
190176
752166
81699
752166
106623
752166
7827
752166
140331
752166
128796
752166
70741
752167
136801
752167
1986
752167
162560
752167
144809
752167
191666
752192
177847
752192
71784
752192
69655
752192
90657
752192
64533
752193
116022
752193
175641
752194
163784
752194
111358
752194
189159
752194
192236
752194
107186
752194
67536
752195
14917
752195
109247
752195
98359
752196
27614
752196
100886
752196
188517
752196
192734
752196
75934
752197
43093
752197
62086
752197
62843
752198
135977
752198
154722
752198
196466
752198
198922
752198
77133
752198
166864
752198
75119
752199
124386
752199
154220
