?column?
2
20
7
15
19
24
17
6
28
7
27
11
13
15
16
10
28
17
30
24
19
29
24
17
4
12
15
4
4
16
5
1
28
6
6
4
29
25
29
20
16
10
4
6
5
3
28
9
21
30
6
28
23
30
16
10
15
26
16
30
28
9
7
14
8
17
26
18
28
26
9
11
24
29
8
26
26
2
4
19
24
20
9
14
7
30
16
12
4
30
19
13
13
19
29
8
17
26
12
13
30
12
17
4
7
1
2
18
29
27
14
27
26
14
10
7
14
24
11
25
3
14
24
30
30
28
17
21
18
3
16
29
23
29
25
4
21
22
20
28
2
1
15
1
2
6
5
2
1
30
7
25
8
19
20
8
3
27
9
4
28
11
15
24
1
6
25
21
2
6
29
10
11
6
10
15
9
5
14
18
15
16
8
2
22
1
18
18
13
24
23
11
23
8
23
26
14
23
6
9
15
21
4
2
20
4
4
5
16
13
1
24
26
6
11
30
21
21
27
20
8
25
7
6
8
11
13
23
17
19
18
6
21
4
29
8
16
14
22
19
16
8
22
29
5
24
26
2
22
24
27
16
24
20
14
9
11
29
12
5
14
3
25
26
11
10
27
15
22
4
26
28
17
21
7
30
5
2
27
22
6
12
3
16
19
17
3
5
5
24
30
22
5
12
21
26
23
9
24
22
6
5
19
20
12
4
26
23
14
5
25
12
8
30
12
14
17
20
19
30
28
24
15
8
4
1
8
26
25
16
21
11
23
9
4
29
6
19
5
2
7
9
10
7
6
11
4
21
14
29
24
22
28
16
10
13
9
25
4
19
22
16
5
29
28
2
22
7
20
15
20
26
27
19
14
22
20
5
23
22
30
19
14
21
30
28
7
7
25
14
25
9
25
2
23
21
29
27
29
21
25
22
28
1
1
27
11
11
29
15
18
26
24
9
7
2
19
18
13
12
30
20
11
23
5
9
10
2
17
16
8
21
11
19
8
7
24
20
21
9
4
11
22
26
10
12
2
15
6
5
8
4
14
5
20
30
28
27
8
8
10
15
16
14
14
3
23
1
11
27
9
23
16
1
7
12
21
20
16
26
27
9
20
17
10
27
10
3
4
29
16
29
17
28
2
20
9
1
21
12
6
10
3
16
26
24
21
13
19
8
13
29
4
16
20
4
22
25
1
28
17
12
24
7
26
10
19
2
9
24
29
29
22
27
18
6
24
13
5
17
18
21
17
14
28
22
17
21
14
24
13
10
5
9
23
15
26
18
4
17
30
21
14
9
19
15
1
13
26
8
10
24
3
19
25
8
12
16
23
20
3
14
21
5
23
4
19
21
28
28
15
30
11
18
19
23
17
28
2
14
20
1
19
6
13
20
19
3
24
25
20
23
30
16
25
20
19
3
22
17
6
18
25
25
19
15
15
16
29
5
11
7
2
12
2
24
13
1
16
2
14
16
18
2
29
1
22
17
16
1
16
1
21
19
6
7
29
2
15
17
23
28
1
26
27
1
28
15
13
18
27
4
20
4
23
22
30
8
19
16
25
7
9
6
14
7
25
24
3
29
16
4
22
22
24
14
6
29
15
14
22
9
6
18
10
24
4
21
20
28
27
23
15
25
13
4
30
6
11
15
30
27
10
29
7
27
9
5
6
19
27
18
20
24
27
23
11
22
19
20
23
18
29
24
20
7
20
27
19
8
13
27
17
15
17
10
9
25
21
9
13
16
6
10
6
3
19
21
14
27
15
27
2
8
4
12
2
20
13
20
19
12
29
30
20
8
2
20
24
6
3
13
2
2
24
9
15
1
28
30
3
16
1
30
10
2
14
10
30
1
28
21
11
25
12
4
12
18
7
3
15
19
29
18
14
23
2
11
19
22
4
10
1
23
30
20
9
4
6
18
30
14
13
27
28
25
8
19
17
11
17
4
11
27
7
22
10
28
10
16
22
27
20
29
2
20
16
20
12
18
17
10
24
12
17
23
4
27
5
25
24
19
13
4
23
8
6
10
22
24
27
29
8
4
15
19
6
19
21
13
22
26
25
10
22
16
23
1
24
23
5
12
20
24
10
18
4
3
11
5
9
15
20
21
7
30
22
11
26
7
2
17
30
19
25
14
22
9
24
8
23
30
16
13
28
14
11
14
13
17
30
20
13
3
28
21
8
30
24
29
21
18
1
19
11
28
19
14
13
12
15
17
19
25
22
7
26
13
22
18
30
23
15
27
12
2
3
29
4
14
6
20
23
16
2
14
28
20
12
15
