extract
16
28
25
17
11
11
14
15
3
26
26
1
5
4
12
15
25
8
29
9
3
29
25
14
13
24
26
26
3
26
15
4
12
30
3
21
16
27
6
14
20
3
10
8
5
7
27
11
9
27
30
5
7
4
16
24
31
13
13
29
20
13
18
16
16
20
7
23
5
19
30
28
22
14
15
15
21
15
12
27
26
31
10
27
10
22
5
1
18
8
27
23
10
10
2
25
15
16
13
26
6
9
6
1
20
18
3
9
20
26
2
7
2
18
20
18
23
1
19
15
25
2
4
30
27
5
28
15
26
9
25
13
13
30
14
4
22
18
2
14
9
9
27
9
6
27
26
12
17
30
13
25
13
13
7
10
26
20
9
1
21
1
24
23
8
25
29
26
6
26
28
4
14
14
30
9
1
18
17
10
13
6
10
16
15
25
3
5
17
5
26
18
14
19
20
11
30
20
18
22
14
12
13
14
19
25
29
12
7
13
25
5
22
16
14
31
7
13
4
8
9
11
22
11
10
9
18
30
11
7
12
3
9
28
16
26
7
23
25
23
6
12
13
21
18
6
10
17
5
20
22
18
4
10
8
22
6
21
20
30
9
6
8
6
15
7
11
1
23
10
1
23
19
18
21
20
2
16
23
11
6
24
17
30
2
13
29
21
24
15
17
10
27
10
3
15
26
29
13
15
13
28
5
28
17
11
6
10
30
11
22
20
22
11
8
21
20
25
21
7
28
23
10
20
12
18
19
16
27
4
9
2
12
15
11
23
30
6
30
23
28
26
20
7
17
4
22
15
21
7
24
19
6
27
19
25
13
6
18
19
8
5
11
20
12
23
6
19
29
22
7
17
18
13
29
21
13
11
28
1
12
27
28
14
27
14
18
29
12
3
17
23
16
21
30
1
13
5
2
26
18
9
5
1
7
4
16
28
14
5
18
21
11
27
1
1
21
5
14
1
10
5
28
13
1
21
29
1
18
25
14
5
7
16
23
8
17
15
25
12
17
9
9
3
21
26
18
6
19
15
12
15
9
21
4
23
31
30
26
12
6
17
11
7
11
12
24
4
9
6
31
5
1
28
12
14
26
5
26
11
15
18
26
12
3
24
13
9
10
8
28
21
22
11
2
15
2
18
27
9
19
2
6
2
12
3
29
8
1
16
2
10
24
11
4
7
2
30
21
21
11
12
4
18
19
24
20
29
8
13
24
6
19
6
6
15
23
8
29
18
2
30
30
22
25
15
1
18
16
16
20
4
19
12
11
30
27
9
9
12
19
5
30
30
12
2
31
26
25
14
3
12
3
6
31
22
22
12
2
16
13
8
12
5
16
26
4
11
31
8
6
19
2
14
11
28
21
28
11
23
16
30
21
1
10
4
13
5
26
22
30
25
18
16
3
25
12
25
19
3
10
6
12
16
2
28
28
26
6
17
2
17
3
25
8
6
31
11
11
26
23
24
7
11
6
7
13
20
25
9
29
6
26
15
8
12
18
29
7
8
18
25
30
2
10
2
29
18
13
23
15
26
4
21
10
25
28
20
30
23
16
17
16
17
23
15
12
1
22
7
10
15
17
18
4
17
30
10
9
16
19
10
8
25
15
28
24
21
28
4
25
15
9
5
15
15
10
21
17
13
14
11
10
28
16
21
13
5
20
29
17
11
11
21
1
13
21
12
16
1
14
28
19
27
16
15
19
28
25
27
24
4
6
23
23
8
10
26
24
18
10
15
19
19
2
23
22
30
7
26
11
7
19
18
21
26
6
24
17
6
8
8
16
9
15
6
28
7
26
5
16
16
14
17
21
2
19
6
2
7
30
18
18
14
6
24
24
17
4
25
27
22
11
7
9
1
8
28
22
14
26
27
12
12
21
8
23
4
27
16
18
23
29
11
10
15
3
14
28
9
1
18
24
11
22
8
28
30
19
4
1
29
15
27
2
9
4
30
25
5
16
16
2
25
7
8
14
9
30
28
7
17
12
20
8
14
19
28
11
26
22
12
6
10
16
10
6
26
20
5
14
24
6
7
22
19
25
22
5
18
18
4
19
22
14
30
19
8
29
17
8
12
23
12
1
2
27
29
21
16
27
11
25
27
23
12
10
28
5
11
28
9
16
8
31
1
4
29
9
1
19
20
4
5
20
6
1
4
12
1
5
3
21
19
25
13
21
2
25
12
22
6
28
17
7
1
19
29
3
21
18
27
29
12
22
11
18
11
1
17
18
12
22
9
30
27
6
16
16
3
4
18
12
4
22
26
26
6
16
6
