extract
112
171
147
352
163
197
192
257
287
321
344
258
245
351
112
108
123
129
250
270
240
53
11
95
98
76
53
122
24
88
217
216
195
183
167
248
222
278
232
194
168
221
256
246
220
148
7
57
18
25
255
230
213
208
234
227
298
262
264
326
261
271
147
194
145
125
124
183
213
230
216
310
268
298
107
187
194
130
112
115
321
267
16
318
325
61
39
1
28
189
250
220
203
152
195
164
135
235
202
262
275
241
326
293
87
36
56
356
346
82
284
7
300
333
188
149
88
9
71
20
344
229
232
237
193
208
125
142
202
220
170
295
249
252
312
277
234
275
149
69
139
71
160
71
146
249
261
236
189
225
242
238
213
264
220
280
285
226
306
19
32
354
46
8
193
132
75
33
79
72
143
239
259
211
176
342
332
288
282
277
346
324
216
211
173
193
194
161
213
178
248
354
295
247
298
59
44
31
321
38
4
313
169
235
197
241
187
300
190
208
259
239
263
231
209
158
179
207
200
160
206
148
166
150
159
102
228
259
273
296
320
229
236
145
132
156
27
88
301
339
213
185
198
261
285
277
142
102
314
311
264
6
345
18
329
63
31
92
108
186
115
94
137
87
153
276
291
246
256
283
350
348
287
261
275
211
190
7
8
365
336
348
358
313
307
233
108
84
147
51
39
62
47
192
237
185
221
230
217
278
328
219
230
264
272
343
26
343
29
73
67
27
100
292
11
196
257
246
189
267
132
32
63
32
64
83
93
48
46
145
106
67
61
149
296
242
269
330
315
229
236
63
130
83
97
111
344
147
180
203
152
198
119
333
338
266
34
12
62
50
64
67
354
292
350
271
274
239
241
218
124
197
103
171
158
113
130
121
335
250
279
279
276
77
53
359
89
78
37
355
23
10
43
100
100
95
83
14
320
293
7
333
337
330
347
80
142
77
109
71
100
58
83
356
322
56
142
90
110
174
68
101
28
81
74
86
97
140
235
161
194
125
234
206
213
236
205
85
95
92
93
25
109
66
213
237
224
227
253
304
98
362
16
76
23
46
5
158
154
132
176
182
184
98
192
108
124
2
326
85
96
97
178
180
346
350
13
362
120
127
201
255
217
195
255
243
232
199
283
158
151
172
120
218
149
196
161
59
119
33
360
348
100
82
363
365
16
44
52
360
67
71
157
157
93
122
62
334
49
73
209
302
269
234
186
225
203
300
229
179
192
50
309
324
234
158
199
242
333
307
299
314
280
352
12
323
36
3
274
279
326
341
301
307
272
135
219
234
123
139
206
147
192
118
185
122
132
150
291
339
213
247
228
218
248
219
176
107
49
36
149
114
131
74
150
85
100
134
94
110
52
104
62
27
350
26
29
67
19
107
12
111
109
331
262
153
168
110
77
104
142
201
123
280
349
279
345
279
291
226
247
207
325
325
295
305
354
27
17
313
256
295
285
250
143
131
153
65
140
352
264
199
200
235
152
160
206
259
5
1
346
7
354
304
12
291
326
324
249
279
261
322
289
315
330
277
8
189
121
128
123
354
347
250
364
274
328
281
42
31
21
349
215
277
226
290
210
245
162
169
320
311
321
285
289
321
69
353
280
336
325
299
341
295
103
97
153
68
134
143
151
29
45
52
99
29
81
85
150
140
179
136
292
279
305
287
267
277
231
322
91
121
124
89
43
326
303
289
300
217
141
225
226
186
336
310
308
331
322
211
109
121
222
107
190
58
139
84
100
116
150
58
47
19
190
258
149
242
163
229
246
297
218
236
281
287
254
189
191
262
219
246
241
194
187
152
180
148
230
195
129
139
65
119
245
146
115
36
20
357
49
15
343
33
234
164
93
129
56
57
215
180
192
146
182
119
120
109
161
186
74
155
163
136
105
150
138
83
256
238
280
21
359
51
4
49
360
14
328
363
66
71
44
2
357
327
275
223
254
275
281
270
121
158
116
170
101
144
85
34
57
18
228
248
229
297
120
130
8
325
311
310
286
288
336
275
302
271
223
211
260
208
308
291
284
182
222
246
252
265
197
218
234
271
299
237
203
258
301
332
276
236
321
259
143
76
103
51
104
169
98
233
225
43
18
20
98
184
207
269
216
225
202
250
33
322
353
32
295
342
16
35
59
69
171
202
220
28
72
346
93
17
9
195
166
184
181
108
140
214
175
252
245
222
183
276
31
338
66
6
171
131
105
170
79
133
259
224
49
55
91
112
107
138
86
242
309
261
265
65
57
355
354
68
18
337
335
282
284
338
342
54
96
48
97
96
76
115
219
245
