extract
750988800
754012800
755308800
754790400
755481600
790819200
787190400
783129600
786585600
792374400
788054400
869788800
721785600
727488000
726105600
781833600
777686400
787276800
845942400
848880000
845251200
848880000
777686400
778464000
773193600
865555200
859939200
863308800
865641600
862272000
862358400
869788800
862704000
868320000
866419200
862444800
860198400
768614400
761184000
872380800
872208000
873244800
792892800
791164800
796608000
781920000
783820800
788400000
778464000
785721600
786499200
773193600
776217600
776476800
773625600
770860800
722390400
725846400
719280000
726883200
717811200
726278400
725673600
790214400
781228800
781401600
789091200
832291200
842227200
783561600
783648000
787622400
814060800
819676800
820195200
819158400
821232000
815702400
804729600
709430400
711590400
705888000
709948800
710380800
712540800
714096000
714528000
704851200
866246400
862704000
788832000
788054400
788227200
731030400
739843200
743299200
747187200
753235200
881280000
886550400
883526400
884563200
716515200
738547200
731030400
732499200
733017600
852940800
850348800
848188800
851817600
848275200
778550400
780624000
781747200
778377600
777168000
780105600
778118400
776131200
778636800
771811200
770774400
771033600
772848000
765158400
770515200
753667200
754444800
757382400
759283200
752803200
757900800
880070400
882576000
879638400
880243200
879897600
879292800
885600000
905472000
906076800
904348800
909705600
911347200
791769600
787017600
793238400
790387200
799632000
798768000
792115200
799113600
798336000
795571200
796780800
837043200
835228800
709948800
706406400
712454400
709862400
706752000
710294400
849484800
734745600
743126400
901411200
898128000
716601600
806544000
811036800
810259200
697420800
857174400
856224000
855619200
855532800
854755200
852854400
854150400
726624000
719366400
757728000
753148800
753321600
797644800
801100800
759456000
766108800
766886400
890956800
887241600
892425600
890179200
881193600
881366400
886809600
887068800
881366400
879811200
845337600
848620800
806371200
812678400
814233600
806716800
810691200
814492800
812937600
739152000
738720000
737510400
736128000
733968000
733536000
737942400
747100800
827107200
822528000
825292800
820281600
820281600
878774400
706665600
706752000
709171200
705801600
711331200
758332800
760838400
753580800
754444800
774921600
773798400
772070400
776995200
778464000
777168000
771897600
884908800
886723200
768096000
765763200
720057600
718934400
718934400
720144000
716342400
714355200
759801600
764294400
836611200
838944000
834451200
829699200
834105600
829958400
828057600
832118400
828489600
827107200
827712000
708134400
699667200
707961600
705628800
706579200
705888000
700704000
875836800
876441600
878774400
880243200
875836800
875404800
874972800
804124800
796694400
797040000
802828800
705801600
712540800
710380800
869702400
870739200
871689600
875836800
875577600
891734400
887932800
892166400
886464000
889488000
861580800
860544000
868233600
862099200
807580800
817344000
808358400
809136000
810345600
814752000
809654400
847584000
838857600
842832000
842486400
848707200
754358400
756950400
758332800
762393600
763776000
763689600
763862400
868147200
897004800
860112000
857001600
858729600
857779200
854409600
853372800
860630400
780624000
780364800
782179200
782265600
732326400
729993600
731116800
825811200
817603200
823046400
820108800
817430400
787449600
784684800
871516800
877305600
877132800
879033600
877132800
878342400
819590400
814752000
815961600
817948800
815788800
819676800
806976000
803692800
811468800
803692800
809395200
812419200
795225600
790300800
793497600
832636800
834624000
837043200
838252800
841190400
746150400
754185600
748137600
754444800
808358400
805852800
803433600
808358400
811036800
852508800
851644800
855187200
857692800
854928000
854150400
848707200
721612800
720144000
723686400
726278400
885772800
886896000
892944000
889833600
885513600
845078400
847411200
847238400
851817600
863740800
863308800
857088000
859334400
717206400
715737600
721180800
890784000
885427200
889228800
891734400
734054400
731462400
857779200
862876800
858038400
859507200
735350400
734572800
734313600
739843200
861840000
858124800
861408000
858470400
777772800
774230400
775440000
772934400
781315200
697334400
706752000
703987200
700099200
705888000
701913600
834451200
826675200
825897600
825552000
829180800
826934400
827020800
720057600
725846400
724204800
719539200
717984000
724723200
719193600
879120000
838944000
846979200
845510400
852681600
852076800
852681600
851644800
845769600
849830400
844387200
778464000
785116800
775872000
780105600
780192000
783648000
783043200
762652800
758592000
758419200
760320000
859593600
850348800
857001600
839030400
843696000
843091200
843177600
784425600
787276800
787449600
784080000
792806400
797299200
788745600
797644800
856915200
859593600
856137600
862444800
864691200
856742400
745632000
750729600
748915200
748051200
895622400
903052800
896227200
896400000
895104000
898646400
892944000
855446400
861580800
862358400
863395200
858124800
859248000
855014400
851644800
855360000
853977600
807667200
807580800
885168000
887068800
853977600
848016000
856742400
854668800
747273600
739065600
748051200
740016000
745545600
905212800
900547200
897436800
905385600
904089600
900547200
901238400
761961600
771724800
763603200
764121600
763689600
853372800
799372800
708739200
752889600
746928000
748483200
756000000
755827200
752630400
749088000
803606400
803865600
808272000
801792000
807580800
832377600
834105600
836956800
878688000
873158400
869097600
874195200
878601600
870048000
806112000
799545600
806457600
902534400
732240000
723686400
724723200
738374400
735782400
734659200
731116800
732672000
736646400
891648000
890179200
895017600
895622400
896832000
891129600
898905600
849657600
855360000
764467200
764380800
769910400
764985600
766540800
764640000
729043200
727920000
838252800
772329600
773020800
766022400
767318400
767836800
765158400
854755200
851126400
835488000
833068800
834105600
834278400
799200000
803433600
805334400
783820800
784166400
851990400
716515200
715046400
713404800
717638400
719107200
712454400
757728000
748137600
752716800
757123200
790560000
791164800
851472000
857088000
850608000
849571200
857606400
727747200
733968000
733968000
824947200
827020800
823996800
824515200
821404800
820540800
853891200
847497600
852076800
848793600
846201600
849657600
854409600
777513600
773798400
773193600
781660800
781228800
773971200
774662400
733190400
728524800
735091200
832377600
883958400
893721600
757900800
833241600
831513600
833846400
830822400
829008000
816048000
815011200
823305600
878342400
878601600
883440000
880243200
886896000
884131200
879033600
744940800
742089600
749692800
837648000
845164800
835488000
843523200
844387200
838857600
836870400
897696000
899683200
898819200
893808000
775958400
784080000
790041600
792028800
794275200
792028800
796262400
793929600
793238400
758592000
768700800
759110400
813974400
816566400
808531200
812160000
849657600
847584000
854323200
850608000
854323200
847929600
852854400
750988800
752630400
754531200
752889600
799545600
803865600
807062400
801014400
798768000
802051200
849484800
850953600
849398400
844214400
843609600
845769600
851385600
858729600
737337600
733363200
741139200
792288000
790992000
793238400
789868800
868060800
873417600
869356800
877132800
870998400
902448000
901843200
903225600
903139200
903571200
890265600
888796800
890265600
890179200
891216000
895708800
829353600
827539200
834278400
719971200
714009600
713836800
714960000
778636800
784684800
778723200
785376000
774748800
723513600
733449600
736300800
735868800
733536000
770774400
785376000
777686400
779932800
781488000
782524800
759974400
759456000
758419200
760665600
760579200
758332800
760579200
894326400
892857600
892944000
888883200
893548800
894758400
890179200
845251200
852595200
849744000
845164800
849571200
849484800
847065600
845856000
840758400
766627200
701136000
706147200
701395200
708825600
702259200
804211200
800236800
800409600
799459200
765158400
762566400
764208000
756604800
791683200
784771200
788227200
784166400
735609600
741139200
739497600
785462400
779068800
785548800
778809600
778809600
784857600
786067200
785721600
787276800
782697600
785894400
786585600
790128000
835920000
835833600
843091200
850521600
851040000
849139200
847411200
756172800
750384000
754704000
757036800
753753600
750211200
771897600
775353600
774144000
771724800
772329600
773452800
699667200
695520000
749260800
695606400
704073600
906249600
907804800
903398400
904780800
901411200
867024000
871862400
906076800
907027200
906163200
897782400
904003200
901238400
719366400
738720000
735177600
847670400
843523200
850435200
828835200
832723200
826156800
833673600
733363200
738720000
736300800
739756800
738979200
788918400
795312000
792374400
793497600
790646400
815443200
815961600
738806400
741830400
737683200
733017600
735782400
742176000
744336000
806976000
756604800
752284800
757555200
756259200
761011200
867974400
862099200
861235200
716083200
718848000
725241600
724809600
725241600
720057600
720921600
828662400
830736000
830822400
761011200
758505600
759801600
758678400
757814400
895795200
893721600
784252800
789609600
867369600
869184000
853286400
849484800
766022400
767923200
764467200
766627200
866937600
867456000
868406400
865900800
865641600
863049600
706233600
709689600
707961600
709948800
703641600
706492800
874540800
876960000
873417600
876873600
883180800
875750400
882403200
705196800
697939200
702518400
786499200
881971200
881452800
881539200
876787200
881452800
703296000
753408000
759024000
753235200
756691200
756691200
752630400
752284800
872899200
878083200
879552000
849830400
848448000
847324800
737337600
728956800
734832000
730944000
798422400
791683200
874108800
870048000
878083200
719452800
870393600
865123200
862704000
860889600
804211200
699926400
896313600
898992000
900633600
893030400
893808000
708393600
712195200
711158400
710553600
714268800
710812800
748051200
750384000
