extract
28
31
24
21
35
22
14
6
7
21
21
15
21
16
19
12
45
43
41
33
21
28
28
23
29
17
18
10
10
15
24
17
30
28
25
47
2
47
48
3
45
30
32
35
42
41
43
47
46
41
43
39
33
2
41
46
33
35
38
36
46
33
43
14
23
27
23
24
26
9
9
22
13
22
23
4
49
42
48
5
45
3
10
7
7
14
9
21
29
20
24
14
32
24
27
32
31
30
29
26
27
31
23
52
22
20
27
22
28
19
25
2
7
9
52
15
14
33
19
15
24
22
26
20
16
16
8
7
9
5
49
2
8
38
49
38
52
37
36
42
34
30
35
36
35
22
12
15
17
22
15
11
13
11
22
26
38
51
2
37
39
49
46
45
40
1
41
2
1
41
52
29
27
23
28
39
19
19
17
20
15
6
34
34
34
31
40
23
20
26
20
15
16
37
34
38
1
37
46
22
22
19
17
28
25
26
34
33
8
8
1
52
7
41
29
36
34
40
41
43
23
29
7
5
49
38
40
38
1
52
52
52
10
9
7
3
11
15
37
43
31
20
21
4
18
10
21
24
8
22
7
8
38
39
27
20
26
50
1
45
47
45
42
1
41
1
10
18
11
44
49
37
36
23
36
35
28
4
12
5
52
2
10
3
9
3
2
8
49
8
38
29
43
33
41
42
20
26
21
41
32
37
40
27
31
33
32
43
26
9
8
9
12
17
9
14
11
17
33
36
35
39
38
40
11
20
20
27
32
31
22
20
5
4
9
9
6
3
46
49
42
49
35
39
28
21
19
33
27
27
14
17
16
17
28
25
35
32
27
48
46
37
39
4
19
23
17
11
13
42
43
28
9
11
11
17
50
21
17
19
21
27
25
27
21
35
42
44
45
48
51
46
10
3
2
12
2
29
32
30
21
25
47
46
2
40
50
47
44
20
17
17
11
9
18
7
11
1
1
42
41
43
45
53
25
15
22
40
44
47
40
46
42
35
32
42
33
25
37
38
43
30
29
32
33
34
31
47
37
37
43
39
43
22
7
7
43
39
39
47
2
43
37
38
38
43
53
53
43
44
41
39
52
14
24
23
26
40
40
31
28
41
33
37
9
6
46
47
1
34
22
36
42
52
5
4
48
6
44
47
45
4
1
2
32
22
20
28
20
14
17
27
19
52
50
43
45
7
43
30
26
34
20
25
43
53
5
52
5
8
52
8
6
8
50
47
9
10
11
10
36
26
39
32
29
38
32
34
38
32
26
25
33
26
31
37
25
30
35
22
35
32
28
42
47
49
42
9
14
14
12
6
2
15
2
7
1
51
35
47
40
32
31
32
35
40
46
48
43
4
45
9
15
23
13
31
44
45
31
33
35
31
14
17
12
24
19
23
31
24
20
31
29
50
3
39
31
35
25
23
21
6
13
8
1
16
41
15
12
18
19
17
27
9
7
23
15
5
15
20
6
15
5
18
8
7
13
19
22
13
37
35
32
26
34
20
29
45
7
46
50
49
4
1
1
46
13
46
46
44
29
31
39
10
11
22
19
16
18
46
50
44
4
1
46
12
9
1
16
52
13
12
7
46
48
33
39
47
42
43
45
48
9
9
22
17
14
8
11
51
3
13
11
5
13
6
51
44
51
48
28
2
44
3
4
5
4
42
50
45
48
52
52
1
10
5
50
6
12
28
34
40
41
36
33
29
15
7
7
19
4
50
40
41
49
50
49
43
48
1
45
48
44
44
39
43
37
43
40
32
19
48
4
4
7
7
32
47
44
43
35
45
49
27
29
4
19
29
32
15
14
15
17
19
15
47
45
44
47
41
40
46
17
13
31
37
26
38
26
39
36
35
52
8
5
1
51
34
39
36
33
36
32
28
29
38
20
48
45
44
2
3
52
19
27
14
25
27
26
32
22
24
22
22
30
27
42
40
5
49
15
19
14
9
9
38
31
44
11
17
7
52
3
42
42
40
43
40
43
3
1
27
34
8
1
2
6
48
6
46
51
52
6
13
20
16
7
10
14
30
32
19
3
7
14
14
5
20
34
8
52
5
37
41
28
40
38
31
39
30
26
22
35
34
33
31
39
34
34
19
24
22
28
32
17
25
22
23
20
6
19
16
14
6
28
21
27
21
29
24
16
29
22
41
41
30
34
25
25
48
43
39
39
49
40
26
27
31
24
21
27
48
46
8
49
34
30
29
34
38
30
42
3
1
50
20
21
20
5
9
10
19
9
22
19
11
9
3
49
50
43
42
47
1
10
19
7
4
8
15
