lag

19.00
43.00
6.00
14.00
5.00
45.00
20.00
28.00
39.00
14.00
24.00
35.00
20.00
21.00
42.00
12.00
27.00
29.00
12.00
30.00
31.00
39.00
8.00
1.00
36.00
24.00
16.00
13.00
36.00
8.00
15.00
2.00
24.00
26.00
29.00
50.00
21.00
41.00
48.00
20.00
35.00
48.00
24.00
26.00
42.00
25.00
37.00
17.00
46.00
11.00
32.00
48.00
40.00
23.00
44.00
36.00
29.00
13.00
15.00
1.00
34.00
14.00
22.00
50.00
36.00
29.00
40.00
5.00
24.00
24.00
4.00
10.00
37.00
13.00
45.00
50.00
15.00
37.00
12.00
22.00
9.00
21.00
33.00
17.00
25.00
47.00
30.00
23.00
38.00
46.00
20.00
20.00
13.00
30.00
23.00
27.00
31.00
14.00
1.00
1.00
3.00
3.00
32.00
9.00
18.00
29.00
9.00
24.00
47.00
34.00
28.00
35.00
20.00
2.00
13.00
10.00
43.00
46.00
15.00
8.00
30.00
26.00
47.00
45.00
37.00
44.00
5.00
16.00
32.00
5.00
39.00
26.00
36.00
5.00
16.00
31.00
19.00
36.00
16.00
25.00
33.00
41.00
36.00
29.00
43.00
36.00
42.00
12.00
28.00
33.00
13.00
25.00
31.00
9.00
28.00
7.00
48.00
34.00
40.00
37.00
43.00
13.00
42.00
19.00
37.00
14.00
25.00
22.00
23.00
37.00
7.00
7.00
21.00
15.00
31.00
33.00
47.00
41.00
35.00
20.00
20.00
23.00
37.00
45.00
4.00
15.00
28.00
46.00
1.00
48.00
31.00
10.00
6.00
50.00
24.00
10.00
31.00
40.00
33.00
14.00
19.00
5.00
25.00
50.00
25.00
30.00
47.00
9.00
22.00
31.00
27.00
26.00
21.00
25.00
46.00
4.00
26.00
21.00
5.00
26.00
1.00
11.00
2.00
15.00
11.00
41.00
11.00
38.00
37.00
6.00
7.00
48.00
42.00
8.00
39.00
11.00
17.00
12.00
45.00
21.00
33.00
47.00
20.00
1.00
39.00
42.00
41.00
46.00
22.00
3.00
39.00
14.00
3.00
25.00
16.00
45.00
4.00
4.00
36.00
20.00
34.00
6.00
29.00
29.00
16.00
2.00
2.00
48.00
42.00
26.00
11.00
9.00
11.00
44.00
42.00
3.00
29.00
19.00
10.00
21.00
12.00
27.00
11.00
9.00
27.00
29.00
5.00
2.00
9.00
14.00
47.00
25.00
26.00
16.00
49.00
37.00
5.00
28.00
46.00
27.00
50.00
23.00
31.00
22.00
45.00
7.00
47.00
42.00
31.00
8.00
26.00
33.00
50.00
11.00
14.00
7.00
18.00
49.00
49.00
9.00
6.00
48.00
1.00
38.00
6.00
1.00
13.00
8.00
6.00
27.00
13.00
12.00
21.00
19.00
24.00
15.00
35.00
12.00
43.00
10.00
7.00
30.00
2.00
38.00
20.00
13.00
17.00
1.00
20.00
7.00
38.00
32.00
1.00
9.00
6.00
47.00
5.00
20.00
17.00
18.00
48.00
11.00
50.00
16.00
40.00
15.00
47.00
13.00
16.00
37.00
45.00
3.00
4.00
18.00
17.00
20.00
30.00
23.00
46.00
32.00
41.00
30.00
3.00
33.00
31.00
49.00
10.00
17.00
38.00
49.00
30.00
2.00
17.00
32.00
45.00
11.00
47.00
17.00
31.00
35.00
12.00
35.00
43.00
50.00
6.00
5.00
47.00
20.00
45.00
9.00
30.00
42.00
8.00
24.00
30.00
12.00
26.00
8.00
5.00
10.00
25.00
33.00
17.00
42.00
18.00
5.00
10.00
3.00
9.00
39.00
8.00
35.00
46.00
22.00
1.00
4.00
1.00
40.00
45.00
10.00
32.00
3.00
28.00
32.00
13.00
8.00
48.00
17.00
48.00
16.00
1.00
15.00
35.00
34.00
46.00
9.00
25.00
11.00
25.00
31.00
26.00
42.00
37.00
4.00
26.00
1.00
25.00
10.00
39.00
24.00
34.00
42.00
24.00
35.00
36.00
42.00
31.00
12.00
22.00
34.00
8.00
43.00
38.00
19.00
21.00
41.00
31.00
28.00
48.00
10.00
48.00
45.00
27.00
22.00
30.00
36.00
16.00
34.00
45.00
32.00
36.00
29.00
2.00
28.00
47.00
12.00
49.00
33.00
48.00
37.00
48.00
37.00
2.00
26.00
1.00
23.00
18.00
16.00
35.00
36.00
32.00
15.00
38.00
21.00
5.00
3.00
49.00
7.00
49.00
43.00
19.00
26.00
17.00
45.00
1.00
29.00
4.00
12.00
27.00
3.00
36.00
15.00
34.00
14.00
26.00
27.00
9.00
34.00
48.00
14.00
7.00
43.00
19.00
14.00
19.00
12.00
8.00
7.00
8.00
9.00
22.00
27.00
37.00
43.00
22.00
31.00
31.00
18.00
39.00
12.00
46.00
30.00
18.00
29.00
2.00
32.00
41.00
13.00
22.00
45.00
22.00
25.00
10.00
27.00
18.00
23.00
24.00
50.00
3.00
32.00
20.00
28.00
22.00
9.00
45.00
16.00
8.00
47.00
41.00
6.00
36.00
2.00
26.00
28.00
50.00
47.00
14.00
40.00
40.00
37.00
1.00
26.00
42.00
7.00
2.00
40.00
35.00
41.00
37.00
15.00
33.00
11.00
6.00
41.00
22.00
33.00
10.00
36.00
41.00
21.00
44.00
1.00
33.00
38.00
9.00
35.00
48.00
36.00
36.00
28.00
34.00
46.00
28.00
18.00
35.00
29.00
28.00
28.00
36.00
1.00
38.00
12.00
38.00
28.00
42.00
21.00
40.00
46.00
49.00
40.00
21.00
2.00
14.00
31.00
21.00
10.00
16.00
6.00
37.00
50.00
1.00
18.00
22.00
42.00
2.00
23.00
12.00
18.00
16.00
13.00
16.00
13.00
30.00
39.00
22.00
49.00
15.00
20.00
17.00
43.00
29.00
20.00
23.00
7.00
22.00
35.00
13.00
43.00
5.00
24.00
25.00
23.00
35.00
40.00
32.00
31.00
27.00
17.00
12.00
33.00
7.00
6.00
40.00
5.00
50.00
36.00
22.00
13.00
37.00
22.00
29.00
18.00
13.00
18.00
43.00
19.00
35.00
42.00
1.00
6.00
27.00
44.00
10.00
20.00
30.00
17.00
31.00
27.00
33.00
40.00
32.00
17.00
5.00
34.00
49.00
46.00
10.00
28.00
26.00
5.00
2.00
36.00
14.00
15.00
14.00
47.00
6.00
50.00
7.00
38.00
26.00
46.00
5.00
8.00
15.00
39.00
25.00
46.00
4.00
4.00
42.00
17.00
2.00
7.00
44.00
36.00
17.00
40.00
38.00
23.00
49.00
5.00
23.00
31.00
34.00
35.00
28.00
18.00
17.00
2.00
7.00
14.00
36.00
25.00
14.00
16.00
38.00
21.00
11.00
40.00
28.00
47.00
16.00
21.00
35.00
35.00
33.00
13.00
50.00
15.00
33.00
34.00
12.00
50.00
34.00
22.00
5.00
8.00
44.00
4.00
19.00
5.00
32.00
39.00
24.00
11.00
2.00
24.00
25.00
31.00
20.00
21.00
37.00
25.00
19.00
13.00
4.00
22.00
21.00
13.00
42.00
32.00
16.00
32.00
38.00
31.00
32.00
7.00
12.00
41.00
17.00
17.00
46.00
19.00
47.00
23.00
26.00
2.00
28.00
18.00
30.00
17.00
25.00
46.00
25.00
17.00
26.00
40.00
39.00
24.00
45.00
14.00
38.00
29.00
36.00
13.00
11.00
45.00
35.00
37.00
47.00
23.00
12.00
48.00
47.00
48.00
6.00
24.00
45.00
26.00
43.00
16.00
41.00
49.00
15.00
50.00
25.00
7.00
40.00
34.00
12.00
7.00
34.00
43.00
21.00
43.00
36.00
10.00
37.00
6.00
44.00
12.00
14.00
12.00
36.00
30.00
35.00
8.00
2.00
22.00
38.00
33.00
3.00
39.00
3.00
7.00
6.00
50.00
8.00
2.00
8.00
21.00
3.00
3.00
47.00
2.00
44.00
18.00
45.00
14.00
38.00
2.00
17.00
46.00
23.00
2.00
31.00
10.00
35.00
18.00
23.00
21.00
36.00
40.00
44.00
10.00
16.00
26.00
8.00
24.00
39.00
26.00
44.00
25.00
5.00
21.00
30.00
30.00
27.00
6.00
39.00
5.00
18.00
20.00
43.00
34.00
11.00
48.00
46.00
50.00
46.00
10.00
12.00
11.00
14.00
43.00
13.00
45.00
32.00
28.00
49.00
34.00
41.00
30.00
35.00
44.00
48.00
44.00
10.00
