lead
43.00
6.00
14.00
5.00
45.00
20.00
28.00
14.00
39.00
24.00
35.00
21.00
20.00
42.00
12.00
27.00
29.00
12.00
30.00
31.00
39.00
8.00
1.00
36.00
24.00
16.00
13.00
36.00
26.00
8.00
15.00
2.00
24.00
29.00
50.00
21.00
41.00
48.00
20.00
35.00
24.00
26.00
42.00
48.00
25.00
37.00
17.00
32.00
11.00
46.00
48.00
40.00
23.00
36.00
44.00
29.00
13.00
15.00
34.00
22.00
14.00
50.00
36.00
29.00
1.00
40.00
24.00
5.00
24.00
10.00
4.00
37.00
45.00
13.00
37.00
12.00
50.00
15.00
22.00
9.00
21.00
33.00
47.00
17.00
25.00
30.00
38.00
23.00
46.00
20.00
20.00
13.00
23.00
27.00
30.00
14.00
31.00
1.00
3.00
3.00
32.00
1.00
9.00
18.00
9.00
47.00
24.00
28.00
34.00
2.00
35.00
20.00
13.00
10.00
29.00
5.00
36.00
43.00
8.00
45.00
46.00
15.00
37.00
16.00
5.00
44.00
5.00
39.00
26.00
32.00
26.00
30.00
47.00
16.00
31.00
19.00
36.00
16.00
33.00
25.00
41.00
29.00
12.00
43.00
36.00
42.00
36.00
28.00
31.00
13.00
25.00
33.00
28.00
9.00
7.00
48.00
7.00
34.00
37.00
13.00
42.00
43.00
37.00
37.00
25.00
14.00
23.00
22.00
40.00
15.00
7.00
21.00
19.00
33.00
31.00
47.00
35.00
41.00
20.00
20.00
23.00
15.00
37.00
4.00
45.00
10.00
6.00
31.00
28.00
1.00
46.00
48.00
50.00
10.00
24.00
25.00
5.00
50.00
40.00
19.00
33.00
14.00
26.00
31.00
27.00
9.00
22.00
25.00
30.00
21.00
4.00
26.00
46.00
5.00
26.00
21.00
1.00
25.00
41.00
15.00
11.00
11.00
31.00
11.00
2.00
7.00
38.00
37.00
42.00
6.00
48.00
8.00
11.00
39.00
39.00
41.00
42.00
21.00
22.00
45.00
12.00
1.00
20.00
33.00
47.00
3.00
14.00
39.00
3.00
4.00
20.00
17.00
45.00
25.00
16.00
46.00
36.00
4.00
34.00
6.00
42.00
2.00
16.00
2.00
48.00
29.00
29.00
9.00
11.00
26.00
3.00
44.00
42.00
11.00
29.00
29.00
9.00
19.00
21.00
12.00
47.00
27.00
11.00
2.00
10.00
5.00
27.00
27.00
50.00
26.00
47.00
25.00
16.00
14.00
46.00
37.00
28.00
49.00
23.00
22.00
31.00
45.00
5.00
9.00
8.00
47.00
33.00
26.00
11.00
7.00
42.00
31.00
14.00
7.00
12.00
50.00
18.00
35.00
15.00
7.00
12.00
6.00
1.00
38.00
8.00
13.00
1.00
9.00
49.00
21.00
6.00
48.00
19.00
13.00
12.00
10.00
43.00
27.00
6.00
24.00
13.00
2.00
38.00
20.00
30.00
49.00
1.00
38.00
32.00
6.00
17.00
7.00
20.00
1.00
37.00
16.00
45.00
5.00
11.00
16.00
15.00
17.00
20.00
48.00
50.00
3.00
47.00
13.00
9.00
40.00
18.00
17.00
4.00
20.00
47.00
18.00
23.00
30.00
38.00
46.00
32.00
41.00
33.00
10.00
3.00
30.00
31.00
49.00
2.00
49.00
30.00
17.00
17.00
32.00
45.00
47.00
11.00
5.00
35.00
31.00
35.00
43.00
50.00
8.00
45.00
6.00
5.00
20.00
47.00
42.00
9.00
30.00
8.00
24.00
30.00
26.00
10.00
17.00
12.00
8.00
35.00
3.00
10.00
16.00
45.00
18.00
5.00
1.00
33.00
42.00
17.00
9.00
39.00
25.00
46.00
22.00
4.00
40.00
1.00
10.00
3.00
1.00
17.00
48.00
48.00
8.00
13.00
34.00
15.00
35.00
46.00
25.00
25.00
11.00
28.00
32.00
32.00
9.00
26.00
42.00
31.00
34.00
26.00
1.00
31.00
42.00
24.00
24.00
39.00
10.00
25.00
22.00
4.00
37.00
35.00
8.00
34.00
36.00
42.00
12.00
32.00
21.00
31.00
41.00
28.00
30.00
48.00
43.00
38.00
19.00
22.00
45.00
27.00
36.00
16.00
34.00
45.00
48.00
10.00
36.00
12.00
47.00
49.00
23.00
37.00
48.00
28.00
2.00
37.00
26.00
2.00
1.00
32.00
18.00
33.00
48.00
16.00
36.00
35.00
29.00
15.00
38.00
49.00
49.00
7.00
3.00
21.00
5.00
43.00
48.00
34.00
17.00
3.00
45.00
26.00
34.00
14.00
1.00
9.00
15.00
36.00
29.00
4.00
19.00
27.00
12.00
27.00
26.00
14.00
7.00
12.00
8.00
8.00
7.00
43.00
37.00
43.00
22.00
19.00
9.00
14.00
19.00
22.00
27.00
12.00
18.00
39.00
31.00
31.00
46.00
41.00
32.00
45.00
16.00
22.00
10.00
45.00
25.00
3.00
18.00
27.00
9.00
22.00
13.00
20.00
32.00
23.00
50.00
24.00
22.00
28.00
29.00
30.00
2.00
18.00
2.00
40.00
37.00
26.00
35.00
1.00
8.00
47.00
42.00
26.00
50.00
28.00
2.00
36.00
41.00
6.00
40.00
47.00
14.00
7.00
40.00
33.00
22.00
37.00
10.00
36.00
33.00
28.00
11.00
46.00
34.00
33.00
41.00
21.00
6.00
41.00
36.00
44.00
41.00
36.00
48.00
35.00
15.00
9.00
1.00
38.00
28.00
38.00
35.00
18.00
28.00
1.00
29.00
36.00
38.00
28.00
12.00
28.00
42.00
31.00
10.00
14.00
2.00
40.00
21.00
18.00
21.00
40.00
21.00
12.00
16.00
1.00
50.00
37.00
6.00
22.00
42.00
46.00
18.00
49.00
16.00
23.00
2.00
13.00
13.00
15.00
20.00
43.00
17.00
30.00
39.00
5.00
7.00
22.00
20.00
29.00
23.00
25.00
23.00
43.00
35.00
13.00
24.00
40.00
16.00
35.00
49.00
22.00
7.00
36.00
50.00
33.00
12.00
22.00
17.00
6.00
40.00
27.00
37.00
29.00
13.00
32.00
31.00
18.00
13.00
27.00
27.00
6.00
32.00
33.00
40.00
17.00
35.00
1.00
19.00
42.00
18.00
17.00
20.00
10.00
5.00
30.00
34.00
5.00
10.00
26.00
28.00
44.00
46.00
49.00
31.00
43.00
14.00
36.00
36.00
17.00
15.00
14.00
4.00
7.00
46.00
25.00
6.00
50.00
8.00
44.00
7.00
38.00
47.00
2.00
39.00
15.00
5.00
26.00
17.00
4.00
2.00
42.00
23.00
25.00
14.00
7.00
14.00
36.00
5.00
40.00
18.00
38.00
35.00
17.00
34.00
28.00
2.00
31.00
49.00
23.00
16.00
38.00
25.00
37.00
25.00
20.00
31.00
44.00
12.00
21.00
50.00
34.00
33.00
19.00
13.00
4.00
15.00
50.00
34.00
13.00
22.00
5.00
24.00
35.00
32.00
21.00
35.00
8.00
21.00
11.00
39.00
24.00
28.00
33.00
40.00
11.00
2.00
16.00
47.00
4.00
5.00
19.00
22.00
21.00
19.00
26.00
40.00
46.00
17.00
25.00
16.00
25.00
30.00
28.00
38.00
2.00
17.00
39.00
47.00
23.00
26.00
41.00
17.00
12.00
32.00
42.00
32.00
13.00
18.00
17.00
46.00
31.00
32.00
22.00
5.00
7.00
24.00
45.00
45.00
13.00
11.00
46.00
35.00
37.00
47.00
23.00
14.00
36.00
29.00
38.00
48.00
26.00
6.00
48.00
45.00
24.00
12.00
43.00
25.00
47.00
16.00
12.00
44.00
12.00
14.00
34.00
43.00
21.00
43.00
36.00
34.00
7.00
33.00
49.00
41.00
22.00
2.00
8.00
10.00
7.00
36.00
30.00
50.00
15.00
7.00
35.00
38.00
3.00
39.00
8.00
50.00
6.00
3.00
37.00
6.00
12.00
40.00
8.00
3.00
21.00
2.00
16.00
8.00
26.00
10.00
44.00
18.00
23.00
45.00
17.00
46.00
2.00
2.00
47.00
3.00
35.00
10.00
2.00
5.00
18.00
39.00
44.00
26.00
31.00
25.00
14.00
38.00
24.00
40.00
36.00
44.00
23.00
21.00
43.00
34.00
48.00
46.00
21.00
11.00
11.00
18.00
20.00
43.00
14.00
10.00
50.00
12.00
46.00
30.00
5.00
6.00
27.00
30.00
10.00
44.00
44.00
20.00
31.00
33.00
5.00
48.00
29.00
41.00
30.00
49.00
34.00
28.00
6.00
32.00
