area
22.22
36.72
40
28.080000000000002
23.92
26.75
5.4
24.72
21
22.26
23.69
6.18
42.84
27
31.8
29.160000000000004
27.27
6.12
40.660000000000004
29
12.600000000000001
11.440000000000001
42.42
43.68
32.86
50.96
34.24
35.36
23.540000000000003
35
16.64
24
16
26.5
20.6
23.32
17.12
22.22
9.36
17.85
46.440000000000005
26.25
31
17.68
48.480000000000004
29.580000000000002
48.480000000000004
10.5
5.25
27.560000000000002
35.7
52.53
7.49
44.52
49.68000000000001
24.840000000000003
7.140000000000001
45.32
52.92
36.72
2.02
16
22.880000000000003
26.75
6.0600000000000005
2.08
20.520000000000003
40.660000000000004
49.92
27.560000000000002
46.92
18.72
35.7
21.63
32.32
12
38.52
45.45
28.62
27.27
23.92
53.550000000000004
16
4.12
8.64
18.72
42.120000000000005
23.32
17.51
38.52
21.63
38.85
41.82
13.13
4.24
20.520000000000003
15.600000000000001
32.24
31.62
11.22
49.980000000000004
16.05
15.450000000000001
44.940000000000005
40.17
51.51
11.770000000000001
45.760000000000005
50.5
4.28
50.760000000000005
11.33
3
49.92
39.9
5
42.64
36.38
34.65
12.48
47.94
12.36
28.89
44
11.88
50
31.62
51.84
8
19.26
49.92
53.5
38
30.900000000000002
47.38
43.68
22.26
39.52
18.02
12.120000000000001
16.05
42.800000000000004
29.400000000000002
29.580000000000002
11.55
3.09
8.32
7.42
30.740000000000002
17.85
9.63
34.56
46.64
12.600000000000001
16
16
25.5
27.04
3.0300000000000002
29.96
14
13.39
7.49
42
49.35
31.93
8.64
32.96
35.7
4.16
9.63
33.17
9.27
30.740000000000002
42
4.24
50.47
27.04
26
32.86
21
46.2
49.82
21.84
39.96
38.11
44.44
30.450000000000003
13.39
54
25.92
45.36
19.38
14.14
48.480000000000004
44.88
48.410000000000004
25
21.21
24.96
20.6
17.85
31.62
54.06
7.3500000000000005
41.040000000000006
20.8
31
17.85
39.59
16
24.72
7.3500000000000005
48.150000000000006
37.800000000000004
13.26
28.28
52.02
42.120000000000005
9.540000000000001
26
35
24.150000000000002
7.49
24.48
12.72
39.59
51.84
24.96
31.31
30
14
25
16.8
48.410000000000004
23.23
29.68
5.05
18.72
22.66
38.52
8.64
33.28
34
3
2.08
27.04
32.24
12.24
21
29
38.88
26.5
39.22
40.8
19.57
13.91
31.8
7.3500000000000005
9.18
39.52
5.15
39.22
40.8
27
43.86
47.080000000000005
12.84
48.96
45.15
51.45
12.600000000000001
47.84
22.44
48
43.26
27.810000000000002
4.12
33.99
13.65
43.46
20.330000000000002
21.400000000000002
3.09
36.36
7
3.21
34.68
26.26
21.6
34
4.16
5.15
24.96
11
38.76
2.16
7.140000000000001
30.740000000000002
40.56
24.48
35.7
33.17
6.42
44.28
45.45
44.29
54.57
5.4
26.75
26.25
26.26
50.5
31.62
8.16
23.92
48.88
22.470000000000002
41.040000000000006
29.96
2.16
37.08
15
21.42
38.76
18.36
27.27
22.05
48.410000000000004
5.15
3.06
21.200000000000003
45
7.28
33.17
29.160000000000004
34.65
36.4
44.940000000000005
13.39
30.16
48.410000000000004
5.05
19.26
41.040000000000006
28.35
16.48
26.52
19.76
24.72
31.200000000000003
9.18
8.16
13.780000000000001
45.36
9.72
31.32
5.300000000000001
38.38
10.4
10.600000000000001
14.98
50.5
35.36
52.02
32.96
13.65
24.72
33
50.760000000000005
14.700000000000001
50.96
36.4
9.18
44
53.550000000000004
41.2
28.35
42.400000000000006
45.15
11.55
44.28
46.64
29.12
21
2.12
2.02
10.4
3.12
51.51
31
39.22
18.54
21
14.040000000000001
50.96
26
42.64
15.120000000000001
50.47
46.64
37.45
45.580000000000005
2.1
40.8
29.29
38.88
39.39
36.38
6.18
32.96
12.96
17.68
16.96
24.380000000000003
22.22
39.39
36.050000000000004
2.14
34.32
7.140000000000001
32.64
40.95
31.5
6.24
14
4.08
2.04
36.04
32.64
3.0300000000000002
49.68000000000001
50
51.940000000000005
20.520000000000003
20.8
50.47
13.65
7.07
50.760000000000005
31.93
50.290000000000006
11.11
45.45
52.53
44.72
42.42
31.32
26.25
37.800000000000004
46.46
36.38
46.64
17.85
9.63
10.3
18.18
24.610000000000003
46
22.26
45
26.52
25.75
36.04
13.13
34.980000000000004
43
15
43.050000000000004
48.88
6.12
45.36
7.3500000000000005
43.68
35.7
53.550000000000004
39.22
13.39
54.06
37.1
18.02
49.82
10.8
35.02
10.4
6.0600000000000005
37.800000000000004
37.800000000000004
48.88
30.6
33.660000000000004
24.150000000000002
38.480000000000004
28.89
12
38.85
16.48
49.49
18.18
51.36
40.17
25.92
20.4
13.91
19.44
34.68
41.6
3.0300000000000002
22.22
8.32
43.46
10.2
51.940000000000005
18.18
32.64
5.300000000000001
45.15
21.200000000000003
20.8
50.5
35.7
46.64
5.1
8.16
22.66
29.400000000000002
24.840000000000003
36.75
42.64
37.74
46.010000000000005
29.12
30.3
21.21
23
40.17
3
44.940000000000005
44.940000000000005
47.47
27.810000000000002
10.5
13.780000000000001
22.470000000000002
21.42
41.2
24
29.29
32.32
30.240000000000002
30.240000000000002
49.68000000000001
5.15
8.48
37.74
36.050000000000004
24
50.760000000000005
52.92
15.9
6.42
22.880000000000003
31.31
46.92
51
10.8
51.940000000000005
19.19
43.43
34.32
22.44
4.16
43.43
2.08
11
53.5
18
40.660000000000004
13.39
19.57
30
4.04
28.89
16.96
44.52
37.44
19.95
54
2.14
40.4
44.88
28.560000000000002
15.9
2.16
41.410000000000004
3.21
29.68
16.05
2
54.57
12.120000000000001
42
16.64
47.47
47.080000000000005
26.78
36.04
11
50.88
17.85
17.51
13.13
46.2
7.49
12.84
10.600000000000001
26.26
2.14
52.53
45.32
54
7.28
4.16
16.8
25.75
28.28
51.84
42.120000000000005
4.24
5.4
44.1
49.44
11.11
45.45
22.880000000000003
52.43
32.400000000000006
10.5
16.96
10
51.5
49.980000000000004
13.52
40.95
23.32
50
41.410000000000004
18.900000000000002
41.2
22.880000000000003
44.72
49.220000000000006
36
48.760000000000005
2.14
42.230000000000004
41.34
3.1500000000000004
21
29.400000000000002
47.25
10.8
18.900000000000002
29.580000000000002
9.09
41.6
54
7.140000000000001
27.27
12.48
19
12.600000000000001
22.44
5.15
10.8
32
52.92
51.36
26.26
39.59
4.2
11.66
30.740000000000002
4.04
21.400000000000002
28.560000000000002
11.33
10.700000000000001
2.08
46.46
26.5
2.14
43.050000000000004
6.300000000000001
40.56
49.35
45.36
39.9
22
44.44
14.14
16.16
44.72
49.35
12.84
37.44
48.300000000000004
23.23
49.35
11.22
49
19.95
47.38
30.16
19.44
4.28
39.39
33.660000000000004
40.17
35.35
9
34.24
8.08
16
8.4
13.39
33.17
27.54
11.22
48.300000000000004
52.92
50.5
24.96
38.88
52.5
49.44
11.440000000000001
54.06
33.6
50.400000000000006
52.92
49.35
11.22
21.200000000000003
8.24
2.02
42.800000000000004
53
17.68
34.56
17.34
10.600000000000001
10.1
41.2
46.46
48.300000000000004
51.45
17.51
24.72
36
45.45
17.12
39.22
11
19.57
9.09
54.57
51.36
23.23
18.36
45.760000000000005
42.230000000000004
10
48
33.28
45.36
15.600000000000001
31.62
44.52
46.2
38.160000000000004
6
21.200000000000003
44.72
52
26.52
33
39.22
21.200000000000003
41.730000000000004
18
21.400000000000002
19
46.010000000000005
34.56
24.96
25.75
35.35
22.880000000000003
21.63
47.25
52.53
7.3500000000000005
13.780000000000001
34.68
33.92
21.63
39.59
12.36
29.580000000000002
13
20
10.8
2.1
45.36
43.26
48.480000000000004
50.96
6.42
45.36
15.450000000000001
21.63
21.200000000000003
2.12
6.42
15.600000000000001
22.66
49.49
14.42
4.08
42
31.62
24.380000000000003
30.240000000000002
32.64
11.33
8.24
14.14
9.450000000000001
23.32
6.0600000000000005
25.200000000000003
23.76
5.05
26
39.22
4.24
16.05
24.610000000000003
9.09
46
4.08
2.08
37.37
23.23
13.91
8.16
53.5
13.52
28.62
23.1
18.54
44.52
25.44
53.550000000000004
43.26
25.5
51.84
51.51
42.230000000000004
48.6
29.68
14
8.16
52
22.68
36
48.6
13.91
40.4
38.11
21.42
13.65
40.95
46.46
51.940000000000005
46.440000000000005
46.64
10.2
7.42
49.92
21.21
45.760000000000005
34.32
24.150000000000002
50.400000000000006
26.75
11.33
27.54
46.46
48.6
19.95
38.85
27.54
16.48
14.700000000000001
22.44
36.38
41.82
21.200000000000003
47.47
47.47
52.43
52.5
21
28.89
11.22
22.880000000000003
16
3
31.8
46.92
8.56
6.12
13.52
48.6
24.380000000000003
31.03
21.42
37.08
24.840000000000003
42
10.3
7.5600000000000005
22.470000000000002
53
39.14
13.91
10.2
21.63
24.240000000000002
39.96
39.22
36.36
27.3
14.700000000000001
34
11.55
8.08
45.32
49
44.44
33.6
8.24
31.8
46.35
18.18
14.98
3.12
16.96
29.29
46.35
30.900000000000002
8.4
23
30.16
11.88
50
42.120000000000005
43.870000000000005
40.4
7.5600000000000005
44.44
31.200000000000003
31.93
44.88
40.8
12
6.42
12.48
26.26
17.28
7.3500000000000005
48.480000000000004
26
32.86
31
12.120000000000001
34.56
16
49
21.84
3.0300000000000002
44.52
31.03
32.400000000000006
4.12
7.42
16.48
38.88
