lseg
[(0,0),(20,0.03)]
[(0,0),(48,0.07)]
[(0,0),(47,0.02)]
[(0,0),(31,0.04)]
[(0,0),(19,0.03)]
[(0,0),(30,0.02)]
[(0,0),(7,0)]
[(0,0),(15,0.08)]
[(0,0),(43,0.02)]
[(0,0),(5,0.02)]
[(0,0),(1,0.01)]
[(0,0),(27,0)]
[(0,0),(45,0.06)]
[(0,0),(48,0.05)]
[(0,0),(8,0.06)]
[(0,0),(24,0.01)]
[(0,0),(50,0.04)]
[(0,0),(11,0.05)]
[(0,0),(11,0.01)]
[(0,0),(40,0.01)]
[(0,0),(18,0.04)]
[(0,0),(16,0.01)]
[(0,0),(41,0.06)]
[(0,0),(35,0.06)]
[(0,0),(34,0.05)]
[(0,0),(49,0.03)]
[(0,0),(45,0.07)]
[(0,0),(31,0.08)]
[(0,0),(16,0.07)]
[(0,0),(14,0.02)]
[(0,0),(32,0.05)]
[(0,0),(22,0.03)]
[(0,0),(37,0.07)]
[(0,0),(38,0.05)]
[(0,0),(16,0.04)]
[(0,0),(6,0.06)]
[(0,0),(24,0.04)]
[(0,0),(48,0.08)]
[(0,0),(10,0.01)]
[(0,0),(26,0.01)]
[(0,0),(17,0.03)]
[(0,0),(6,0.08)]
[(0,0),(31,0.02)]
[(0,0),(18,0.07)]
[(0,0),(35,0.07)]
[(0,0),(36,0.03)]
[(0,0),(34,0.07)]
[(0,0),(16,0.07)]
[(0,0),(45,0.08)]
[(0,0),(15,0.07)]
[(0,0),(31,0.01)]
[(0,0),(15,0.07)]
[(0,0),(39,0.04)]
[(0,0),(41,0.08)]
[(0,0),(22,0.08)]
[(0,0),(37,0.05)]
[(0,0),(44,0.08)]
[(0,0),(48,0.07)]
[(0,0),(50,0.03)]
[(0,0),(3,0.07)]
[(0,0),(11,0.01)]
[(0,0),(19,0.02)]
[(0,0),(31,0.06)]
[(0,0),(12,0.05)]
[(0,0),(42,0.05)]
[(0,0),(27,0)]
[(0,0),(17,0)]
[(0,0),(27,0.07)]
[(0,0),(2,0)]
[(0,0),(30,0.02)]
[(0,0),(15,0.02)]
[(0,0),(25,0.06)]
[(0,0),(44,0.08)]
[(0,0),(26,0.01)]
[(0,0),(31,0.02)]
[(0,0),(41,0.06)]
[(0,0),(18,0.05)]
[(0,0),(44,0.02)]
[(0,0),(37,0.01)]
[(0,0),(4,0.04)]
[(0,0),(13,0.03)]
[(0,0),(9,0.05)]
[(0,0),(25,0.05)]
[(0,0),(42,0.01)]
[(0,0),(1,0)]
[(0,0),(27,0)]
[(0,0),(17,0)]
[(0,0),(46,0.06)]
[(0,0),(38,0.07)]
[(0,0),(27,0.03)]
[(0,0),(44,0.01)]
[(0,0),(18,0.02)]
[(0,0),(31,0.01)]
[(0,0),(18,0.02)]
[(0,0),(7,0)]
[(0,0),(41,0.05)]
[(0,0),(16,0.07)]
[(0,0),(27,0.05)]
[(0,0),(32,0.03)]
[(0,0),(12,0)]
[(0,0),(27,0.01)]
[(0,0),(49,0.05)]
[(0,0),(43,0.07)]
[(0,0),(19,0.03)]
[(0,0),(4,0.03)]
[(0,0),(46,0.01)]
[(0,0),(20,0.03)]
[(0,0),(45,0.05)]
[(0,0),(48,0.05)]
[(0,0),(11,0.05)]
[(0,0),(10,0.05)]
[(0,0),(22,0.03)]
[(0,0),(22,0.08)]
[(0,0),(42,0)]
[(0,0),(43,0.04)]
[(0,0),(39,0.04)]
[(0,0),(17,0.05)]
[(0,0),(42,0.08)]
[(0,0),(43,0)]
[(0,0),(21,0.04)]
[(0,0),(21,0)]
[(0,0),(25,0.07)]
[(0,0),(29,0.07)]
[(0,0),(35,0.05)]
[(0,0),(46,0)]
[(0,0),(14,0.05)]
[(0,0),(17,0.01)]
[(0,0),(10,0)]
[(0,0),(33,0.03)]
[(0,0),(12,0)]
[(0,0),(48,0.06)]
[(0,0),(32,0.03)]
[(0,0),(46,0.04)]
[(0,0),(45,0.02)]
[(0,0),(13,0.06)]
[(0,0),(29,0.04)]
[(0,0),(15,0.06)]
[(0,0),(11,0.06)]
[(0,0),(42,0.05)]
[(0,0),(38,0.06)]
[(0,0),(10,0)]
[(0,0),(44,0.07)]
[(0,0),(15,0)]
[(0,0),(38,0.01)]
[(0,0),(27,0.06)]
[(0,0),(47,0.07)]
[(0,0),(48,0.06)]
[(0,0),(8,0.02)]
[(0,0),(13,0.01)]
[(0,0),(12,0.06)]
[(0,0),(8,0.08)]
[(0,0),(10,0.03)]
[(0,0),(27,0.08)]
[(0,0),(45,0)]
[(0,0),(20,0.05)]
[(0,0),(9,0.01)]
[(0,0),(36,0.07)]
[(0,0),(10,0.08)]
[(0,0),(15,0.02)]
[(0,0),(19,0.06)]
[(0,0),(38,0.03)]
[(0,0),(29,0.05)]
[(0,0),(46,0.06)]
[(0,0),(24,0.06)]
[(0,0),(45,0)]
[(0,0),(4,0.08)]
[(0,0),(12,0.03)]
[(0,0),(27,0.04)]
[(0,0),(10,0.01)]
[(0,0),(5,0.01)]
[(0,0),(45,0)]
[(0,0),(21,0.06)]
[(0,0),(33,0)]
[(0,0),(15,0.02)]
[(0,0),(11,0.07)]
[(0,0),(26,0.05)]
[(0,0),(13,0.04)]
[(0,0),(1,0.07)]
[(0,0),(43,0.01)]
[(0,0),(37,0.05)]
[(0,0),(5,0.03)]
[(0,0),(17,0.07)]
[(0,0),(21,0)]
[(0,0),(34,0.02)]
[(0,0),(6,0.05)]
[(0,0),(44,0.06)]
[(0,0),(40,0.05)]
[(0,0),(25,0.02)]
[(0,0),(7,0)]
[(0,0),(33,0.02)]
[(0,0),(49,0.03)]
[(0,0),(23,0.08)]
[(0,0),(50,0.07)]
[(0,0),(24,0.06)]
[(0,0),(44,0.01)]
[(0,0),(7,0.06)]
[(0,0),(43,0.03)]
[(0,0),(48,0.06)]
[(0,0),(33,0.01)]
[(0,0),(23,0.08)]
[(0,0),(4,0.03)]
[(0,0),(9,0.07)]
[(0,0),(15,0.08)]
[(0,0),(32,0.08)]
[(0,0),(23,0)]
[(0,0),(10,0.06)]
[(0,0),(9,0.07)]
[(0,0),(36,0.04)]
[(0,0),(5,0.04)]
[(0,0),(29,0.01)]
[(0,0),(42,0.02)]
[(0,0),(16,0.04)]
[(0,0),(13,0.05)]
[(0,0),(8,0.08)]
[(0,0),(13,0)]
[(0,0),(28,0.07)]
[(0,0),(11,0.07)]
[(0,0),(47,0.07)]
[(0,0),(17,0.02)]
[(0,0),(16,0.07)]
[(0,0),(21,0.07)]
[(0,0),(21,0.04)]
[(0,0),(37,0.01)]
[(0,0),(28,0.02)]
[(0,0),(16,0)]
[(0,0),(37,0)]
[(0,0),(34,0)]
[(0,0),(30,0.08)]
[(0,0),(19,0.03)]
[(0,0),(15,0.05)]
[(0,0),(10,0.08)]
[(0,0),(26,0.03)]
[(0,0),(48,0.06)]
[(0,0),(25,0.06)]
[(0,0),(36,0)]
[(0,0),(10,0)]
[(0,0),(42,0.01)]
[(0,0),(33,0.05)]
[(0,0),(45,0.03)]
[(0,0),(10,0.01)]
[(0,0),(41,0.03)]
[(0,0),(20,0.01)]
[(0,0),(12,0.02)]
[(0,0),(12,0.06)]
[(0,0),(28,0)]
[(0,0),(38,0.04)]
[(0,0),(41,0.01)]
[(0,0),(27,0.03)]
[(0,0),(2,0.06)]
[(0,0),(37,0)]
[(0,0),(25,0)]
[(0,0),(6,0.08)]
[(0,0),(40,0.08)]
[(0,0),(17,0.04)]
[(0,0),(48,0.07)]
[(0,0),(45,0)]
[(0,0),(41,0.07)]
[(0,0),(17,0.08)]
[(0,0),(31,0.03)]
[(0,0),(45,0.02)]
[(0,0),(11,0.08)]
[(0,0),(35,0.05)]
[(0,0),(40,0.06)]
[(0,0),(33,0.04)]
[(0,0),(47,0.04)]
[(0,0),(43,0.08)]
[(0,0),(3,0.05)]
[(0,0),(46,0.01)]
[(0,0),(20,0.01)]
[(0,0),(5,0.04)]
[(0,0),(50,0.06)]
[(0,0),(7,0.06)]
[(0,0),(36,0.02)]
[(0,0),(16,0.04)]
[(0,0),(22,0)]
[(0,0),(11,0.03)]
[(0,0),(33,0.07)]
[(0,0),(21,0.04)]
[(0,0),(6,0.03)]
[(0,0),(1,0.03)]
[(0,0),(33,0.01)]
[(0,0),(34,0)]
[(0,0),(10,0.03)]
[(0,0),(2,0)]
[(0,0),(28,0.01)]
[(0,0),(12,0.02)]
[(0,0),(22,0)]
[(0,0),(22,0.06)]
[(0,0),(22,0)]
[(0,0),(14,0.02)]
[(0,0),(34,0.03)]
[(0,0),(42,0)]
[(0,0),(18,0.05)]
[(0,0),(25,0.08)]
[(0,0),(10,0.08)]
[(0,0),(31,0.01)]
[(0,0),(27,0.01)]
[(0,0),(34,0.06)]
[(0,0),(10,0.07)]
[(0,0),(43,0.01)]
[(0,0),(5,0.01)]
[(0,0),(6,0.03)]
[(0,0),(29,0)]
[(0,0),(44,0.07)]
[(0,0),(26,0.08)]
[(0,0),(41,0.07)]
[(0,0),(20,0.03)]
[(0,0),(37,0.02)]
[(0,0),(27,0)]
[(0,0),(1,0.07)]
[(0,0),(43,0.05)]
[(0,0),(11,0.06)]
[(0,0),(15,0.07)]
[(0,0),(46,0.08)]
[(0,0),(49,0.05)]
[(0,0),(3,0.05)]
[(0,0),(4,0.02)]
[(0,0),(17,0.02)]
[(0,0),(21,0.06)]
[(0,0),(12,0.04)]
[(0,0),(26,0)]
[(0,0),(7,0.08)]
[(0,0),(22,0.04)]
[(0,0),(27,0.07)]
[(0,0),(22,0.01)]
[(0,0),(47,0.07)]
[(0,0),(43,0.03)]
[(0,0),(11,0.05)]
[(0,0),(16,0.04)]
[(0,0),(17,0.05)]
[(0,0),(45,0.04)]
[(0,0),(7,0.06)]
[(0,0),(10,0.03)]
[(0,0),(28,0.06)]
[(0,0),(21,0.05)]
[(0,0),(21,0.02)]
[(0,0),(2,0.04)]
[(0,0),(35,0.03)]
[(0,0),(15,0.08)]
[(0,0),(37,0.01)]
[(0,0),(27,0.06)]
[(0,0),(9,0.06)]
[(0,0),(49,0.03)]
[(0,0),(34,0.06)]
[(0,0),(35,0.01)]
[(0,0),(33,0.07)]
[(0,0),(8,0.01)]
[(0,0),(29,0.06)]
[(0,0),(29,0)]
[(0,0),(18,0.07)]
[(0,0),(6,0.03)]
[(0,0),(32,0.04)]
[(0,0),(24,0.04)]
[(0,0),(39,0)]
[(0,0),(9,0.08)]
[(0,0),(15,0.05)]
[(0,0),(31,0.04)]
[(0,0),(41,0.08)]
[(0,0),(23,0)]
[(0,0),(40,0.04)]
[(0,0),(19,0.05)]
[(0,0),(25,0.04)]
[(0,0),(49,0.02)]
[(0,0),(14,0.08)]
[(0,0),(48,0)]
[(0,0),(21,0.04)]
[(0,0),(44,0)]
[(0,0),(21,0.02)]
[(0,0),(28,0.07)]
[(0,0),(9,0)]
[(0,0),(37,0.07)]
[(0,0),(37,0.05)]
[(0,0),(47,0.05)]
[(0,0),(40,0)]
[(0,0),(26,0)]
[(0,0),(7,0.07)]
[(0,0),(39,0.08)]
[(0,0),(2,0.02)]
[(0,0),(25,0.07)]
[(0,0),(10,0.05)]
[(0,0),(43,0.07)]
[(0,0),(37,0)]
[(0,0),(8,0.01)]
[(0,0),(9,0.07)]
[(0,0),(31,0)]
[(0,0),(15,0.02)]
[(0,0),(45,0.06)]
[(0,0),(35,0.06)]
[(0,0),(9,0)]
[(0,0),(3,0.05)]
[(0,0),(7,0)]
[(0,0),(49,0.02)]
[(0,0),(13,0.02)]
[(0,0),(37,0)]
[(0,0),(42,0.02)]
[(0,0),(30,0.04)]
[(0,0),(48,0.05)]
[(0,0),(47,0.03)]
[(0,0),(15,0.02)]
[(0,0),(18,0.05)]
[(0,0),(34,0.05)]
[(0,0),(29,0.08)]
[(0,0),(49,0)]
[(0,0),(35,0.07)]
[(0,0),(23,0)]
[(0,0),(7,0.01)]
[(0,0),(16,0.08)]
[(0,0),(10,0.05)]
[(0,0),(39,0)]
[(0,0),(48,0.05)]
[(0,0),(45,0.01)]
[(0,0),(22,0.06)]
[(0,0),(11,0.05)]
[(0,0),(41,0.05)]
[(0,0),(31,0.01)]
[(0,0),(10,0.08)]
[(0,0),(17,0.05)]
[(0,0),(21,0.03)]
[(0,0),(41,0.03)]
[(0,0),(9,0.07)]
[(0,0),(25,0.02)]
[(0,0),(29,0.03)]
[(0,0),(12,0.03)]
[(0,0),(28,0)]
[(0,0),(7,0.05)]
[(0,0),(44,0.06)]
[(0,0),(2,0.01)]
[(0,0),(19,0.03)]
[(0,0),(19,0.07)]
[(0,0),(46,0.01)]
[(0,0),(15,0.06)]
[(0,0),(21,0.03)]
[(0,0),(45,0.07)]
[(0,0),(15,0.06)]
[(0,0),(10,0.08)]
[(0,0),(32,0.07)]
[(0,0),(36,0.08)]
[(0,0),(44,0.01)]
[(0,0),(29,0.01)]
[(0,0),(21,0.04)]
[(0,0),(36,0.06)]
[(0,0),(23,0.04)]
[(0,0),(1,0)]
[(0,0),(11,0.06)]
[(0,0),(25,0)]
[(0,0),(33,0.02)]
[(0,0),(15,0.06)]
[(0,0),(3,0.04)]
[(0,0),(9,0.02)]
[(0,0),(26,0.05)]
[(0,0),(36,0.08)]
[(0,0),(5,0.04)]
[(0,0),(5,0.02)]
[(0,0),(48,0.02)]
[(0,0),(8,0.08)]
[(0,0),(19,0.04)]
[(0,0),(45,0.03)]
[(0,0),(22,0.06)]
[(0,0),(35,0.04)]
[(0,0),(46,0.04)]
[(0,0),(49,0.01)]
[(0,0),(21,0.01)]
[(0,0),(17,0.08)]
[(0,0),(4,0.06)]
[(0,0),(6,0.03)]
[(0,0),(37,0.06)]
[(0,0),(31,0.03)]
[(0,0),(10,0.03)]
[(0,0),(33,0.08)]
[(0,0),(21,0.06)]
[(0,0),(20,0.02)]
[(0,0),(32,0.04)]
[(0,0),(28,0.07)]
[(0,0),(44,0.05)]
[(0,0),(10,0.08)]
[(0,0),(32,0)]
[(0,0),(39,0.05)]
[(0,0),(35,0.05)]
[(0,0),(42,0.05)]
[(0,0),(1,0.04)]
[(0,0),(6,0)]
[(0,0),(49,0.03)]
[(0,0),(31,0.05)]
[(0,0),(8,0.03)]
[(0,0),(20,0.08)]
[(0,0),(3,0)]
[(0,0),(10,0.01)]
[(0,0),(41,0.02)]
[(0,0),(20,0)]
[(0,0),(5,0.08)]
[(0,0),(31,0.05)]
[(0,0),(46,0)]
[(0,0),(25,0.02)]
[(0,0),(12,0)]
[(0,0),(42,0.08)]
[(0,0),(4,0.02)]
[(0,0),(26,0.06)]
[(0,0),(7,0.05)]
[(0,0),(38,0.08)]
[(0,0),(42,0.05)]
[(0,0),(16,0.08)]
[(0,0),(11,0.05)]
[(0,0),(17,0)]
[(0,0),(8,0.01)]
[(0,0),(10,0.01)]
[(0,0),(29,0.06)]
[(0,0),(7,0.01)]
[(0,0),(31,0.05)]
[(0,0),(44,0.06)]
[(0,0),(47,0)]
[(0,0),(13,0.01)]
[(0,0),(42,0.04)]
[(0,0),(46,0.05)]
[(0,0),(46,0.04)]
[(0,0),(2,0.02)]
[(0,0),(16,0.01)]
[(0,0),(38,0.03)]
[(0,0),(5,0.07)]
[(0,0),(32,0.07)]
[(0,0),(12,0.04)]
[(0,0),(27,0.07)]
[(0,0),(2,0)]
[(0,0),(39,0.08)]
[(0,0),(47,0.05)]
[(0,0),(11,0.04)]
[(0,0),(9,0.03)]
[(0,0),(13,0.01)]
[(0,0),(4,0.06)]
[(0,0),(22,0.02)]
[(0,0),(34,0.03)]
[(0,0),(25,0.08)]
[(0,0),(45,0.05)]
[(0,0),(23,0.03)]
[(0,0),(43,0.04)]
[(0,0),(39,0.05)]
[(0,0),(48,0.06)]
[(0,0),(2,0.04)]
[(0,0),(11,0.06)]
[(0,0),(36,0.02)]
[(0,0),(30,0)]
[(0,0),(27,0.05)]
[(0,0),(49,0.03)]
[(0,0),(31,0.05)]
[(0,0),(4,0.04)]
[(0,0),(12,0.03)]
[(0,0),(36,0.02)]
[(0,0),(22,0.06)]
[(0,0),(41,0.03)]
[(0,0),(43,0.05)]
[(0,0),(3,0.06)]
[(0,0),(25,0.03)]
[(0,0),(48,0.05)]
[(0,0),(50,0.06)]
[(0,0),(4,0.01)]
[(0,0),(42,0)]
[(0,0),(24,0.06)]
[(0,0),(21,0.03)]
[(0,0),(9,0.02)]
[(0,0),(22,0.06)]
[(0,0),(39,0.03)]
[(0,0),(11,0.01)]
[(0,0),(27,0)]
[(0,0),(11,0)]
[(0,0),(23,0.04)]
[(0,0),(42,0.07)]
[(0,0),(42,0)]
[(0,0),(45,0.06)]
[(0,0),(5,0.08)]
[(0,0),(34,0)]
[(0,0),(31,0.03)]
[(0,0),(34,0.01)]
[(0,0),(21,0.02)]
[(0,0),(42,0.05)]
[(0,0),(15,0.04)]
[(0,0),(30,0.04)]
[(0,0),(27,0.01)]
[(0,0),(46,0.02)]
[(0,0),(3,0.02)]
[(0,0),(37,0.07)]
[(0,0),(16,0)]
[(0,0),(3,0.02)]
[(0,0),(18,0.02)]
[(0,0),(32,0.02)]
[(0,0),(2,0.03)]
[(0,0),(21,0)]
[(0,0),(21,0.04)]
[(0,0),(32,0.05)]
[(0,0),(18,0.08)]
[(0,0),(20,0)]
[(0,0),(46,0)]
[(0,0),(8,0.02)]
[(0,0),(30,0.03)]
[(0,0),(47,0.08)]
[(0,0),(42,0.04)]
[(0,0),(29,0.08)]
[(0,0),(48,0.03)]
[(0,0),(28,0.04)]
[(0,0),(23,0.08)]
[(0,0),(23,0.07)]
[(0,0),(20,0.06)]
[(0,0),(43,0.03)]
[(0,0),(46,0.01)]
[(0,0),(5,0.05)]
[(0,0),(37,0.05)]
[(0,0),(10,0.02)]
[(0,0),(36,0)]
[(0,0),(5,0.02)]
[(0,0),(42,0.02)]
[(0,0),(39,0.06)]
[(0,0),(5,0)]
[(0,0),(14,0.06)]
[(0,0),(34,0)]
[(0,0),(40,0.07)]
[(0,0),(29,0.08)]
[(0,0),(5,0.06)]
[(0,0),(40,0.04)]
[(0,0),(25,0)]
[(0,0),(50,0.02)]
[(0,0),(28,0.01)]
[(0,0),(18,0)]
[(0,0),(25,0.07)]
[(0,0),(18,0.07)]
[(0,0),(47,0.06)]
[(0,0),(41,0.06)]
[(0,0),(18,0.04)]
[(0,0),(9,0.05)]
[(0,0),(19,0.03)]
[(0,0),(43,0.06)]
[(0,0),(28,0.06)]
[(0,0),(31,0.02)]
[(0,0),(29,0.08)]
[(0,0),(4,0.03)]
[(0,0),(24,0.08)]
[(0,0),(50,0.03)]
[(0,0),(19,0.08)]
[(0,0),(48,0)]
[(0,0),(34,0)]
[(0,0),(25,0.06)]
[(0,0),(5,0.06)]
[(0,0),(6,0.04)]
[(0,0),(3,0.03)]
[(0,0),(28,0.05)]
[(0,0),(35,0.05)]
[(0,0),(7,0)]
[(0,0),(3,0.01)]
[(0,0),(30,0.02)]
[(0,0),(10,0)]
[(0,0),(37,0)]
[(0,0),(18,0.06)]
[(0,0),(18,0.08)]
[(0,0),(21,0.07)]
[(0,0),(21,0.03)]
[(0,0),(45,0.03)]
[(0,0),(46,0.05)]
[(0,0),(17,0.04)]
[(0,0),(24,0)]
[(0,0),(35,0)]
[(0,0),(9,0.08)]
[(0,0),(14,0.05)]
[(0,0),(18,0.02)]
[(0,0),(7,0.03)]
[(0,0),(29,0.04)]
[(0,0),(10,0.06)]
[(0,0),(27,0.06)]
[(0,0),(32,0.05)]
[(0,0),(11,0.08)]
[(0,0),(26,0.05)]
[(0,0),(31,0.06)]
[(0,0),(2,0.05)]
[(0,0),(47,0.01)]
[(0,0),(46,0.07)]
[(0,0),(8,0.01)]
[(0,0),(6,0.04)]
[(0,0),(1,0.01)]
[(0,0),(25,0.06)]
[(0,0),(36,0.06)]
[(0,0),(7,0.02)]
[(0,0),(47,0.07)]
[(0,0),(25,0.04)]
[(0,0),(35,0.04)]
[(0,0),(34,0.07)]
[(0,0),(31,0.06)]
[(0,0),(23,0.08)]
[(0,0),(22,0.03)]
[(0,0),(41,0.01)]
[(0,0),(21,0.08)]
[(0,0),(9,0.01)]
[(0,0),(18,0.08)]
[(0,0),(20,0)]
[(0,0),(24,0.05)]
[(0,0),(26,0.06)]
[(0,0),(15,0.08)]
[(0,0),(41,0.08)]
[(0,0),(10,0.01)]
[(0,0),(49,0.03)]
[(0,0),(9,0.01)]
[(0,0),(50,0.02)]
[(0,0),(4,0)]
[(0,0),(37,0.01)]
[(0,0),(9,0)]
[(0,0),(35,0.02)]
[(0,0),(38,0.03)]
[(0,0),(28,0.06)]
[(0,0),(4,0.06)]
[(0,0),(3,0)]
[(0,0),(17,0.05)]
[(0,0),(4,0.05)]
[(0,0),(37,0.01)]
[(0,0),(9,0.02)]
[(0,0),(2,0)]
[(0,0),(22,0.05)]
[(0,0),(8,0.08)]
[(0,0),(17,0.08)]
[(0,0),(12,0.02)]
[(0,0),(6,0)]
[(0,0),(6,0.06)]
[(0,0),(19,0.06)]
[(0,0),(4,0.01)]
[(0,0),(35,0.02)]
[(0,0),(39,0.02)]
[(0,0),(6,0.07)]
[(0,0),(35,0.04)]
[(0,0),(29,0)]
[(0,0),(8,0.01)]
[(0,0),(6,0)]
[(0,0),(47,0.01)]
[(0,0),(19,0.05)]
[(0,0),(18,0)]
[(0,0),(6,0.08)]
[(0,0),(11,0.03)]
[(0,0),(23,0.01)]
[(0,0),(7,0.07)]
[(0,0),(16,0)]
[(0,0),(37,0)]
[(0,0),(15,0)]
[(0,0),(12,0.03)]
[(0,0),(50,0.04)]
[(0,0),(8,0.04)]
[(0,0),(35,0)]
[(0,0),(49,0.07)]
[(0,0),(14,0.08)]
[(0,0),(22,0.06)]
[(0,0),(31,0)]
[(0,0),(9,0.07)]
[(0,0),(18,0.01)]
[(0,0),(8,0.01)]
[(0,0),(32,0.04)]
[(0,0),(3,0.04)]
[(0,0),(35,0.01)]
[(0,0),(27,0.02)]
[(0,0),(38,0.05)]
[(0,0),(31,0.04)]
[(0,0),(33,0.02)]
[(0,0),(2,0.04)]
[(0,0),(44,0.02)]
[(0,0),(15,0)]
[(0,0),(31,0.01)]
[(0,0),(15,0.03)]
[(0,0),(4,0)]
[(0,0),(4,0.02)]
[(0,0),(24,0.03)]
[(0,0),(47,0.04)]
[(0,0),(2,0)]
[(0,0),(38,0.05)]
[(0,0),(41,0.06)]
[(0,0),(21,0.02)]
[(0,0),(45,0.01)]
[(0,0),(21,0.06)]
[(0,0),(23,0.01)]
[(0,0),(6,0.03)]
[(0,0),(3,0.08)]
[(0,0),(43,0.04)]
[(0,0),(36,0.02)]
[(0,0),(41,0.06)]
[(0,0),(32,0.06)]
[(0,0),(33,0.03)]
[(0,0),(11,0)]
[(0,0),(37,0.04)]
[(0,0),(48,0.02)]
[(0,0),(17,0.03)]
[(0,0),(4,0.02)]
[(0,0),(25,0.08)]
[(0,0),(45,0.06)]
[(0,0),(24,0.04)]
[(0,0),(28,0.07)]
[(0,0),(17,0)]
[(0,0),(41,0.08)]
[(0,0),(35,0.05)]
[(0,0),(32,0.01)]
[(0,0),(33,0.08)]
[(0,0),(34,0.04)]
[(0,0),(25,0.01)]
[(0,0),(17,0.07)]
[(0,0),(35,0.07)]
[(0,0),(4,0)]
[(0,0),(37,0.03)]
[(0,0),(40,0)]
[(0,0),(33,0)]
[(0,0),(14,0.08)]
[(0,0),(29,0.08)]
[(0,0),(26,0.08)]
[(0,0),(35,0)]
[(0,0),(26,0)]
[(0,0),(15,0)]
[(0,0),(27,0.06)]
[(0,0),(32,0.05)]
[(0,0),(26,0.04)]
[(0,0),(19,0)]
[(0,0),(7,0.03)]
[(0,0),(13,0.04)]
[(0,0),(8,0.02)]
[(0,0),(11,0.05)]
[(0,0),(16,0.07)]
[(0,0),(23,0.06)]
[(0,0),(5,0.06)]
[(0,0),(20,0.04)]
[(0,0),(38,0.07)]
[(0,0),(33,0.03)]
[(0,0),(11,0.07)]
[(0,0),(17,0.03)]
[(0,0),(12,0.07)]
[(0,0),(30,0.05)]
[(0,0),(11,0)]
[(0,0),(11,0.05)]
[(0,0),(6,0.03)]
[(0,0),(45,0.07)]
[(0,0),(13,0.04)]
[(0,0),(29,0.05)]
[(0,0),(31,0.06)]
[(0,0),(37,0.02)]
[(0,0),(44,0.02)]
[(0,0),(28,0.03)]
[(0,0),(39,0.04)]
[(0,0),(4,0.01)]
[(0,0),(13,0.08)]
[(0,0),(32,0.04)]
[(0,0),(20,0.07)]
[(0,0),(34,0)]
[(0,0),(20,0.06)]
[(0,0),(7,0.06)]
[(0,0),(34,0.02)]
[(0,0),(16,0.03)]
[(0,0),(50,0.06)]
[(0,0),(29,0.01)]
[(0,0),(30,0.01)]
[(0,0),(19,0.01)]
[(0,0),(50,0.08)]
[(0,0),(49,0.07)]
[(0,0),(29,0.08)]
[(0,0),(3,0.02)]
[(0,0),(14,0.06)]
[(0,0),(43,0.05)]
[(0,0),(24,0.02)]
[(0,0),(35,0.08)]
[(0,0),(27,0.01)]
[(0,0),(42,0.03)]
[(0,0),(29,0.05)]
[(0,0),(50,0)]
[(0,0),(11,0.04)]
[(0,0),(20,0.06)]
[(0,0),(20,0.06)]
[(0,0),(24,0.04)]
[(0,0),(19,0.06)]
[(0,0),(8,0.07)]
[(0,0),(5,0.05)]
[(0,0),(45,0)]
[(0,0),(43,0.02)]
[(0,0),(17,0.03)]
[(0,0),(29,0.03)]
[(0,0),(34,0.01)]
[(0,0),(33,0.04)]
[(0,0),(34,0.05)]
[(0,0),(12,0.03)]
[(0,0),(11,0.05)]
[(0,0),(31,0.02)]
[(0,0),(37,0.03)]
[(0,0),(26,0.01)]
[(0,0),(24,0.06)]
[(0,0),(3,0.07)]
[(0,0),(35,0.01)]
[(0,0),(16,0.02)]
[(0,0),(4,0.04)]
[(0,0),(3,0.07)]
[(0,0),(16,0)]
[(0,0),(19,0.01)]
[(0,0),(36,0.08)]
[(0,0),(28,0.05)]
[(0,0),(42,0.07)]
[(0,0),(30,0.08)]
[(0,0),(34,0.05)]
[(0,0),(13,0.06)]
[(0,0),(44,0.01)]
[(0,0),(17,0.01)]
[(0,0),(42,0.06)]
[(0,0),(19,0.03)]
[(0,0),(28,0.04)]
[(0,0),(3,0.05)]
[(0,0),(18,0.06)]
[(0,0),(3,0.04)]
[(0,0),(41,0.05)]
[(0,0),(38,0.03)]
[(0,0),(49,0.02)]
[(0,0),(49,0.08)]
[(0,0),(50,0.07)]
[(0,0),(18,0)]
[(0,0),(45,0)]
[(0,0),(3,0.04)]
[(0,0),(50,0.07)]
[(0,0),(21,0.07)]
[(0,0),(45,0.04)]
[(0,0),(27,0.07)]
[(0,0),(46,0.01)]
[(0,0),(9,0.01)]
[(0,0),(23,0.08)]
[(0,0),(7,0.07)]
[(0,0),(46,0.04)]
[(0,0),(9,0.05)]
[(0,0),(36,0.01)]
[(0,0),(7,0.05)]
[(0,0),(19,0.07)]
[(0,0),(29,0.03)]
[(0,0),(2,0.04)]
[(0,0),(43,0.05)]
[(0,0),(21,0.03)]
[(0,0),(46,0.08)]
[(0,0),(27,0)]
[(0,0),(21,0.01)]
[(0,0),(4,0.08)]
[(0,0),(16,0)]
[(0,0),(24,0.07)]
[(0,0),(33,0.05)]
[(0,0),(19,0.06)]
[(0,0),(42,0.02)]
[(0,0),(46,0.03)]
[(0,0),(49,0.04)]
[(0,0),(9,0.06)]
[(0,0),(7,0.01)]
[(0,0),(9,0.03)]
[(0,0),(15,0.01)]
[(0,0),(42,0.06)]
[(0,0),(21,0.04)]
[(0,0),(34,0.03)]
[(0,0),(24,0.07)]
[(0,0),(49,0.05)]
[(0,0),(22,0.06)]
[(0,0),(32,0.06)]
[(0,0),(33,0.05)]
[(0,0),(26,0)]
[(0,0),(46,0.03)]
[(0,0),(15,0.05)]
[(0,0),(3,0.04)]
[(0,0),(20,0.05)]
[(0,0),(32,0.04)]
[(0,0),(16,0.01)]
[(0,0),(3,0.06)]
[(0,0),(48,0.01)]
[(0,0),(49,0.02)]
[(0,0),(39,0.07)]
[(0,0),(23,0.07)]
[(0,0),(43,0.03)]
[(0,0),(17,0.06)]
[(0,0),(16,0.04)]
[(0,0),(37,0.05)]
[(0,0),(24,0)]
[(0,0),(36,0)]
[(0,0),(4,0)]
[(0,0),(42,0.01)]
[(0,0),(21,0.07)]
[(0,0),(2,0.07)]
[(0,0),(40,0.01)]
[(0,0),(29,0.03)]
[(0,0),(18,0)]
[(0,0),(28,0.07)]
[(0,0),(42,0.04)]
[(0,0),(28,0.02)]
[(0,0),(17,0.05)]
[(0,0),(12,0.07)]
[(0,0),(27,0.05)]
[(0,0),(31,0.05)]
[(0,0),(30,0.07)]
[(0,0),(22,0.08)]
[(0,0),(13,0.07)]
[(0,0),(3,0.04)]
[(0,0),(17,0.07)]
[(0,0),(35,0.06)]
[(0,0),(20,0.04)]
[(0,0),(11,0.03)]
[(0,0),(1,0)]
[(0,0),(14,0.06)]
[(0,0),(17,0.06)]
[(0,0),(1,0.08)]
[(0,0),(18,0.03)]
[(0,0),(29,0.02)]
[(0,0),(1,0.05)]
[(0,0),(1,0.07)]
[(0,0),(49,0.06)]
[(0,0),(49,0.03)]
[(0,0),(2,0.06)]
[(0,0),(14,0.03)]
[(0,0),(47,0.03)]
