length
26.000123076631773
6.000033333240741
12.000104166214559
8
24.000133332962964
44
13.00003461533853
38.00008421043301
36.00001249999783
7.000007142853498
40.000011249998416
47.00003829785674
20.00006249990234
30.000001666666623
22.000081818029674
19.00009473660592
28.000044642821557
14
44.00000454545431
16.000003124999694
4.00019999500025
46.00000434782588
2.000099997500125
24.000133332962964
24.000002083333243
50
18.000002777777564
24.000018749992677
26.00000192307685
30
9.000088888449934
1.0024470060806208
26.000017307686548
9.000199997777827
23.000139130013974
13.00003461533853
4.0000124999804685
39.00004615381884
31.00004032255442
4.000049999687504
6.000299992500374
19.000128946930857
17.000011764701814
32.00009999984375
41.000059756054014
2.000099997500125
43.00001046511501
29.000027586193774
6.000533309631736
42.00005833329283
36.00000555555513
12.000104166214559
2.000624902374256
5.000639959045242
14.000174998906264
33.000037878766136
5.00000999999
37.00000135135133
17.000026470567626
8.000056249802247
16.000199998750016
36.000022222215364
39.00000512820479
26.00000192307685
50.00001599999744
22.000145454064615
13.000061538315887
34.000072058747165
41.000059756054014
11.00022272501789
36.00000555555513
16.000078124809267
3.0005999400119965
23.000034782582397
37.00006621615697
25.00000199999992
17.000073529252745
32.00000156249996
33.00007424234073
12.000004166665942
13.000096153490558
34.00001323529155
28.00008749986328
42.00001904761472
24.000018749992677
27
44.000018181814426
20.000002499999844
46.000009782607655
45.000017777774275
1.0007996802557444
31
30.000106666477038
5
5.000489975992353
12.000016666655092
30.000006666665925
13.000138460801102
22
18.000099999722224
20
6.000033333240741
15.000083333101852
18.000136110596497
33.00005454540946
44.00000113636362
12.000204164929862
49.00006530607894
23.000139130013974
12.000204164929862
19.000128946930857
33.00000151515148
22.000020454535946
5
16.000078124809267
25.00000799999872
20.00006249990234
2.0008997975910736
13.000246151515746
16.000003124999694
50.000035999987034
28.00011428548105
49.00006530607894
15.00001333332741
31.00000645161223
8.0003999900005
13.00001538460628
35.00002285713539
44.000018181814426
31.00004032255442
33.00000606060551
16
9.000199997777827
41.000059756054014
22.00003636360631
40.00000499999969
36.00003472220548
37.00000540540501
1.0000499987500624
27.000066666584367
41
14.000014285706996
27.000029629613376
34
29
3.000149996250187
20.00006249990234
32.00005624995056
5
23.000106521492462
7.000349991250436
15
21.000059523725167
8.000224996836026
32.00003906247616
16.000112499604494
6.0002083297165605
40
6.000008333327546
35.00003571426749
38.00003289472261
27.000118518258397
14.000174998906264
29.000006896550907
12.00026666370377
27.000029629613376
27.000090740588263
42.00005833329283
37.00001216216016
40.0000312499878
50
5
13.00003461533853
35.00003571426749
24.000033333310185
30.000001666666623
38.000001315789454
48.00000937499908
18.000069444310487
31.000058064461747
42.00005833329283
30.00002666665482
33
27
46.00003913041814
21.000021428560494
37.000033783768366
24
31.000103225634593
37.00000135135133
29.000001724137878
22.000145454064615
4.00019999500025
7.000457127931003
42.000076190407086
35.00002285713539
39
15.000053333238519
47.000004255318956
10.000319994880165
46.000009782607655
27.000090740588263
44.000028409081736
24.000018749992677
13.000188460172415
20.000122499624844
29.000084482635565
16
10.000179998380027
41.00001951219048
32
13.00001538460628
2.000024999843752
1.0000499987500624
20.00006249990234
35
35.00009142845201
16.000112499604494
3.0005999400119965
36.00004999996528
7.000178569150932
6.000408319439602
28.00011428548105
39.000001282051265
34.00005294113525
2.000399960007998
23.00000217391294
2
3.000149996250187
31
6.0002083297165605
48.00005104163954
24.000008333331884
2.000399960007998
2.000024999843752
13.000246151515746
15.00001333332741
14.000057142740525
7.000007142853498
43.00001046511501
11.000163635146524
3.0000666659259423
31
47.00000106382978
46.00003913041814
38.00008421043301
8
29.00011034461766
33
24.000133332962964
44.000028409081736
5.000089999190013
44.00001022727154
16.00001249999512
3.000266654815868
19.000128946930857
28.000044642821557
27.000118518258397
6.000008333327546
46.000027173905025
13.00001538460628
16.000049999921874
18.000002777777564
20.000122499624844
14.000032142820245
43.00005697670644
33.00000151515148
6.000074999531256
5.00000999999
23.000139130013974
1.0004498987955368
45.00000444444422
8.00000624999756
8.000224996836026
20.00003999996
20.000002499999844
48.0000260416596
24.000102083116232
50.00000899999919
21.000038095203543
27.000046296256606
13.000188460172415
36.00008888877915
45.000027777769205
32.00007656240841
43
48.00000104166666
49
46.00006956516479
5.000089999190013
47.00000106382978
8
20.00006249990234
5.000039999840001
13.000003846153277
30.000014999996253
3.000266654815868
20.00003999996
44.00004090907189
31.000103225634593
50.00000899999919
39.00002051281512
23.00000217391294
31.00000645161223
23.00000869565053
50.000001
25.000017999993517
14.000057142740525
18.000136110596497
49.0000163265279
47.00000106382978
12.000037499941406
7.000349991250436
44.000028409081736
43
36.00006805549123
30.000041666637735
15.000053333238519
34.000094117516795
33.000037878766136
48.0000260416596
9.000005555553841
40.00000124999998
3.0005999400119965
46.000053260838726
13.000138460801102
31.000079032157323
42.00004285712099
34.00005294113525
27.000118518258397
49.000049999974486
17.000144117036186
4.0000124999804685
29.000027586193774
28.000044642821557
28.000028571413992
16.00001249999512
35.00000571428525
12.000066666481482
2
23.000034782582397
40
12.000016666655092
44
26.000007692306554
10.00004499989875
7.000114284781356
30.000001666666623
2.0002249873451734
29.000027586193774
25.000097999807924
43
24.000102083116232
3.0000666659259423
25.00000199999992
42.00000476190449
5.000489975992353
31.000025806440878
5.0001599974400825
4.000612453112648
25.000049999949997
46.000027173905025
20.0000899997975
8.000224996836026
3.0005999400119965
47.000026595737154
40.000019999995004
9.000272218105405
34.00005294113525
39.00004615381884
3.0000166666203705
20.0000899997975
12
11.000040909014837
6.0002083297165605
26.00004807687863
34.00005294113525
22.000009090907213
26.000123076631773
40.000061249953106
15.000053333238519
4.000612453112648
27.000118518258397
37.00001216216016
40.000011249998416
17.000105882023206
29.00011034461766
9.000199997777827
13.00001538460628
31.000025806440878
18.000044444389577
25.000031999979523
49
25.000031999979523
47.00005212763067
29.000062068899094
3
38
14.000228569562712
13.000188460172415
49.000004081632476
2
46.000053260838726
43.000029069757616
13.000246151515746
46.00006956516479
40.00007999992
33.000024242415336
25.000049999949997
27.000066666584367
13.00003461533853
23.00007826073642
18
4.0000124999804685
43.00007441854025
36.00000555555513
32
28.000028571413992
16.000112499604494
7.000257138134284
37.000086486385406
18.000136110596497
34.000094117516795
45.000027777769205
12.000066666481482
21.000021428560494
7.000349991250436
2.0008997975910736
47.00006808505707
24.00005208327682
38.000005263157526
29.000001724137878
22.000020454535946
34.00000588235243
46.000053260838726
36.00003472220548
27.000066666584367
50
40.0000312499878
49.00003673468011
24.000002083333243
33.0000969695545
21.00000952380736
46.00006956516479
50.000063999959046
1.0017983829094554
44.000028409081736
47.000026595737154
2.0012246250733576
2.000399960007998
2.001599360511489
2.000399960007998
41
39.00001153845983
9.000138887817231
5.000359987040933
35.00009142845201
50.000063999959046
37.00001216216016
2.0008997975910736
41
41
32.00005624995056
9.000355548532514
21.000059523725167
13.000096153490558
40.000019999995004
1
44.00001022727154
50.000063999959046
33.00000606060551
40.00000499999969
2
2.000024999843752
9.000005555553841
2.000399960007998
3.0008165555395085
21.000021428560494
12.000149999062511
28
7.000178569150932
1
20.0000899997975
21.000002380952246
44.000018181814426
46.000053260838726
31.000058064461747
1.0007996802557444
39.00002051281512
31.00004032255442
20.000159999360005
44.00007272721262
3.0000666659259423
38.00008421043301
27.000007407406393
50.00004899997599
41.000059756054014
28.00008749986328
6.0002083297165605
35.00006999993
11.000113635776676
45.00000999999889
10.000244996998823
16.000112499604494
35.00009142845201
17.000073529252745
15.000029999969998
40
35.00000571428525
1
4.000312487793923
2.000099997500125
45
33.00007424234073
38.00008421043301
1.0024470060806208
23.00000217391294
28.000016071423957
5
48.00006666662037
28.000044642821557
18.000099999722224
7.000257138134284
49.00006530607894
44
21.000038095203543
40.00007999992
30
47.000004255318956
40.00000499999969
13.000061538315887
8.0003999900005
50.000063999959046
3.0000166666203705
34.00003676468601
13.000096153490558
50.00000899999919
10.00004499989875
49.00006530607894
24.000008333331884
8.000099999375008
8.0003999900005
6.000299992500374
14.000032142820245
23.000106521492462
36.000022222215364
38.000001315789454
40.00000499999969
34.000094117516795
6.000033333240741
50.000035999987034
23.000106521492462
38.000001315789454
46.000027173905025
29.00011034461766
6.000408319439602
5.000489975992353
36.00008888877915
7.000178569150932
10.000244996998823
40.00004499997469
36.00000138888886
29.000006896550907
18.000177776899868
42.00001071428434
35.000051428533645
36.00001249999783
10.00012499921876
44
25.000071999896324
32.00000156249996
50
36.00001249999783
28.00008749986328
37.00006621615697
29.000043103416242
16.00002812497528
3.000149996250187
25.000097999807924
12.000149999062511
30.000059999939996
9.000138887817231
35.00006999993
22.00003636360631
34.00003676468601
46.00003913041814
45.00003999998223
36.000022222215364
45.000001111111104
21.000059523725167
2.001599360511489
49.00003673468011
16.00002812497528
45.000017777774275
34.000072058747165
20.000159999360005
21.000038095203543
22.000002272727155
3.0004166377355
37.000086486385406
5.000489975992353
39.00002051281512
19.000128946930857
31.000058064461747
1.0004498987955368
14
42
30.000081666555513
9.000355548532514
2.000399960007998
26.000094230598474
18.000177776899868
25.00000199999992
13.000003846153277
10.000319994880165
36.00006805549123
5.000639959045242
38.000001315789454
45.00000444444422
10.000079999680002
2.000399960007998
21.000059523725167
32.00007656240841
27.000016666661523
30.000041666637735
24
29.000015517237227
6.000074999531256
50.000035999987034
35.00009142845201
5.0001599974400825
35.00009142845201
31.000025806440878
48
19.000168420306174
29.000006896550907
4.00019999500025
45.00005444441151
35.00009142845201
12.00026666370377
12.000016666655092
36.00000555555513
3.0000166666203705
40.0000312499878
7.000257138134284
49
14.000032142820245
21.000116666342592
37.000033783768366
24
18.00002499998264
39.00004615381884
34.000094117516795
30.000001666666623
45.000017777774275
27
5.000639959045242
49
48.00001666666377
48.000004166666486
16.000153124267282
16.00002812497528
18.000069444310487
7.000028571370263
12.000149999062511
42.00002976189422
45.00007111105492
23.000034782582397
47.00005212763067
35
37.00001216216016
40.000011249998416
23
1.000199980003999
9.000199997777827
39.00002051281512
46.00001739130106
49.000001020408156
7.000028571370263
34.000072058747165
45.000001111111104
33.000024242415336
33.000037878766136
48.00000937499908
33.000024242415336
49.0000163265279
45.00005444441151
9.000088888449934
47.00001702127351
25.000127999672323
26
48.00001666666377
5.00000999999
4.000049999687504
36.00003472220548
10.000079999680002
50.000063999959046
21.000038095203543
6.000299992500374
1.0031948963187562
4.000112498418013
10
32.00009999984375
42.00004285712099
30.000006666665925
43.00000116279068
48.00000104166666
25
11.000113635776676
13
41.000004878048486
36
46.000053260838726
9.000005555553841
36.00001249999783
49.00002551019744
39.00001153845983
10.00004499989875
15.000083333101852
27.000118518258397
14.000228569562712
2.0012246250733576
24.000002083333243
6.0002083297165605
43.00004186044473
40.00000499999969
37.00006621615697
11.000163635146524
27.000046296256606
3.0010664771044313
47
35.0000128571405
40.00007999992
36.00000138888886
42.00005833329283
40.00007999992
3.0000166666203705
3.0000666659259423
12
16.00001249999512
9.000272218105405
3.000266654815868
46.000009782607655
22.000145454064615
39.00002051281512
6.0002083297165605
11.000018181803155
16.000003124999694
5.00000999999
42.00005833329283
34.00002352940363
19.000065789359784
25.000031999979523
39.00002051281512
29.00011034461766
43.000004651162534
13.000003846153277
5.000489975992353
10.000244996998823
7.000349991250436
45.000001111111104
38.00003289472261
24.000018749992677
42.00001904761472
28.00000714285623
21.00008571411079
30.000081666555513
32.00001406249691
25.00000799999872
30.000106666477038
7.000349991250436
3.0008165555395085
30.000041666637735
48.00000104166666
27.000118518258397
29.00011034461766
23.000054347761875
40.0000312499878
35.00006999993
46.000009782607655
47.00000957446711
11.000018181803155
10.000179998380027
11.000018181803155
31.00000645161223
27.000016666661523
14.000057142740525
7.000028571370263
7.000114284781356
7
20.0000899997975
38.000064473629514
3.0000666659259423
33.00005454540946
17.000144117036186
46.00003913041814
48.00000104166666
31.000025806440878
10.000319994880165
32.00007656240841
27.000029629613376
12.000204164929862
34.00005294113525
39.00002051281512
20.00003999996
45.00000444444422
32.00007656240841
20.000022499987345
6.000408319439602
13.00001538460628
45.00005444441151
37
39.00002051281512
28.00008749986328
2.0012246250733576
22.000081818029674
50.000063999959046
48.00005104163954
6
45.000017777774275
10.000079999680002
7.000457127931003
17.000002941176216
16.000003124999694
18.000002777777564
32.00007656240841
2
21.000152380399527
43.000029069757616
10
37.00000135135133
13.000003846153277
3.0010664771044313
41.00000121951218
41.0000780487062
7.000457127931003
16.000112499604494
15
48.00003749998535
1.0004498987955368
40.000019999995004
16.000003124999694
31.000103225634593
26
14.000089285429576
16.000153124267282
49.000001020408156
10.00012499921876
29
36.00006805549123
33.00007424234073
18
3
29.000006896550907
40.00000499999969
10.000319994880165
8.00030624413841
37.00000540540501
32
19
43.00005697670644
44.00000454545431
45.00000999999889
14.000128570838198
28.000016071423957
47.00005212763067
8.00015624847415
43.00001046511501
46.00000108695651
9.000199997777827
9.000272218105405
21.000021428560494
15.000083333101852
6.000533309631736
20.000002499999844
8.00000624999756
17.000188234251997
13.000061538315887
21.000116666342592
44.00000113636362
6.000008333327546
44.00007272721262
32.00000624999939
30.000001666666623
42.00001904761472
19.000002631578763
47.00000957446711
47.000026595737154
20
30.000041666637735
4.000049999687504
47.00005212763067
10
46.00000434782588
6.000074999531256
39
38.000064473629514
21.000021428560494
46.000027173905025
43.00005697670644
10
36.00006805549123
3.0008165555395085
32.00001406249691
18.000002777777564
14.000128570838198
36.000022222215364
3.0004166377355
21.000059523725167
30
41.00001951219048
19
18.000136110596497
22.000111363354506
35.000051428533645
23.000054347761875
32.00000156249996
46.00000434782588
38.00003289472261
38.000001315789454
39.00000512820479
46.00000108695651
6.000033333240741
42.00001904761472
46.000027173905025
4.000612453112648
15.000053333238519
41.00001951219048
13.00001538460628
43.00005697670644
1
28.000044642821557
44
30.000106666477038
3.0010664771044313
41.00003048779354
19.000168420306174
18.000099999722224
46.00000108695651
9.000138887817231
14
8
50.000001
34.000072058747165
42
12.000066666481482
30
40
12.000004166665942
30.000014999996253
3.0004166377355
35
33.00001363636082
29.000043103416242
35.00002285713539
31.000103225634593
29.00011034461766
39.000062820462226
30.000059999939996
3.000149996250187
6.000533309631736
37.00004864861667
48.00005104163954
39.00002051281512
48.00000937499908
3.0005999400119965
31.000001612903183
8.00030624413841
37.000086486385406
47.00005212763067
35.000001428571395
34.0000014705882
5.000249993750312
3.0008165555395085
29.000006896550907
42.000076190407086
7.000257138134284
39.000001282051265
26.00003076921256
26.000017307686548
13.000188460172415
11.000004545453606
24.000002083333243
20.000159999360005
42.00001904761472
26.00004807687863
29
23.000106521492462
46.00000108695651
46.00000108695651
12.000016666655092
15.000119999520004
47
42.00000476190449
34.00003676468601
29
14.000032142820245
14.000014285706996
16.000112499604494
11.000004545453606
