?column?
9.000022222194788
27.000118518258397
9.000022222194788
36.000022222215364
11.000163635146524
7.000457127931003
32.00009999984375
39.00004615381884
5.000039999840001
20.000009999997502
39.000062820462226
15.000003333332963
37.00004864861667
6.000133331851885
6.000133331851885
2.001599360511489
9.000355548532514
37
37.00002162161531
12.000004166665942
6
19.000128946930857
26.00003076921256
33.0000969695545
48.00001666666377
16
31.000025806440878
37.00002162161531
3.0004166377355
25.000031999979523
36.00006805549123
5.000489975992353
27.000016666661523
34
18.000044444389577
31.000103225634593
44.000055681782946
43
27.000016666661523
15.000083333101852
2.000099997500125
23.00000869565053
39.00000512820479
28
37.00002162161531
11.000040909014837
35.00009142845201
8.0003999900005
35.00009142845201
38.000047368391535
39
6.000299992500374
45.00007111105492
35.000051428533645
49.0000163265279
2.0012246250733576
4
34.00000588235243
30.000006666665925
8.000099999375008
30.000059999939996
2.0012246250733576
39.000062820462226
45.00003999998223
18.000011111107682
5.0001599974400825
40.000011249998416
48
11.000290905244277
12.000204164929862
20.00006249990234
50.000063999959046
29.00011034461766
26.00004807687863
27.000029629613376
6.000133331851885
25.000017999993517
33.00000606060551
23.00001956520907
24
15.000083333101852
50.00000899999919
46.000053260838726
21.00008571411079
45.00000444444422
50.00004899997599
3.0010664771044313
16.000078124809267
29.000015517237227
36.00000555555513
25
18
5.000089999190013
17.000105882023206
9.000005555553841
38.000005263157526
37.000033783768366
14.000003571428115
14.000032142820245
45.00003999998223
26.000094230598474
48.00001666666377
36.00000555555513
21.000021428560494
35.0000128571405
9.000049999861112
24.000102083116232
3.000149996250187
46.000027173905025
9.000199997777827
19.00009473660592
3.000149996250187
8.00030624413841
20.000159999360005
22.000145454064615
49.00006530607894
20
3.0004166377355
37.00000135135133
19.000065789359784
39.00008205119574
16.000003124999694
15.000053333238519
43.00001860464713
40.0000312499878
45.00007111105492
8.000099999375008
45.00000999999889
46.00001739130106
35.00006999993
42.00000476190449
3.000149996250187
4.000612453112648
25.000071999896324
19.00001052631287
23.000139130013974
8.0003999900005
29.000006896550907
11.000004545453606
49.000049999974486
4.000612453112648
47
21.00008571411079
5.00000999999
40.000011249998416
6.000533309631736
46.00006956516479
26.00004807687863
45.000027777769205
5.00000999999
17
32.00003906247616
14.000174998906264
27.000090740588263
43.00007441854025
6.000408319439602
22.000020454535946
21.000002380952246
36.00006805549123
34.00005294113525
41.000010975608284
24
20
13.000096153490558
34.00001323529155
42.00001071428434
16.00002812497528
26.00003076921256
27.000066666584367
34.000072058747165
24.000033333310185
5.0001599974400825
10.000079999680002
19.000023684195767
14.000128570838198
6
41.00003048779354
9.000199997777827
1.0004498987955368
23.00000869565053
32.00001406249691
21
38.000005263157526
37.00000540540501
33.00000606060551
25.000097999807924
34.000094117516795
43.00001860464713
14.000089285429576
40.00000124999998
10.00001999998
25.000071999896324
50.00000399999984
3.0008165555395085
28.000044642821557
19.000023684195767
5.000249993750312
37.000033783768366
22.000111363354506
17.000026470567626
23.00001956520907
40
46.00001739130106
49
40.00000499999969
31.00004032255442
6.000133331851885
3
45.00000444444422
16.00001249999512
5.000039999840001
28.00000714285623
11.000018181803155
27.000090740588263
50
14
22.000145454064615
43.00004186044473
7.000257138134284
42.00004285712099
37.00006621615697
31.00004032255442
4.0000124999804685
19.000128946930857
7.000028571370263
4.000449974690347
48.000004166666486
1.0017983829094554
38.00008421043301
28.00011428548105
47.00005212763067
26.000007692306554
44.000055681782946
16.000078124809267
32
29.00011034461766
41.00000121951218
42.00001071428434
29.000006896550907
46.000053260838726
50.000063999959046
6
15.000003333332963
20.0000899997975
6.0002083297165605
15.000053333238519
45
46
15.000083333101852
12.000037499941406
11.000018181803155
23.00000869565053
46.00006956516479
26.00006923067706
3.0008165555395085
37.000086486385406
9
32.00009999984375
8.000056249802247
8.0003999900005
32.00007656240841
19.000042105216504
38.00001184210341
18.000099999722224
44.00000454545431
16.000112499604494
28.00000178571423
33.00001363636082
25.000031999979523
4.000612453112648
38.00008421043301
7.000007142853498
6.000133331851885
10.00001999998
36.00000555555513
40
2.001599360511489
11.00022272501789
28.00000714285623
47.00005212763067
18.000136110596497
17.000105882023206
18.000002777777564
27.000016666661523
40.000061249953106
2.000399960007998
46.00003913041814
48.00000104166666
15.000163332444084
7
31
17.000026470567626
42
22.000009090907213
26.000123076631773
7.000007142853498
4.000449974690347
18.000069444310487
24.00005208327682
32.00007656240841
10
3
15.000053333238519
31.000058064461747
10
49.000001020408156
35.00002285713539
17.000026470567626
37.00001216216016
7.000114284781356
37.00004864861667
12.000004166665942
22.000020454535946
32.00002499999024
3.0008165555395085
26.000123076631773
34.00003676468601
35.000051428533645
42.00000476190449
13.000138460801102
33.00000606060551
17.000026470567626
44
7.000114284781356
2.000099997500125
5.000249993750312
17.000144117036186
5.000359987040933
22.000009090907213
20
3.0004166377355
49.000004081632476
34.000094117516795
26.000017307686548
33.00000606060551
31.000103225634593
21.000038095203543
32.00000156249996
47.00003829785674
19.000002631578763
14.000089285429576
6.000408319439602
17.000144117036186
6.000133331851885
32.00009999984375
47.00003829785674
46.00006956516479
50.00001599999744
6.000133331851885
20.000122499624844
35.00009142845201
2.000624902374256
8.000056249802247
15.000213331816319
41.00001951219048
42.000076190407086
24
46.00003913041814
45.000001111111104
9.000049999861112
12.000004166665942
35.00003571426749
10.000244996998823
43
46.000009782607655
14.000003571428115
50.000001
39.00004615381884
22.000009090907213
15.000119999520004
41.000004878048486
32.00000624999939
37.00000135135133
3.0010664771044313
7.000114284781356
32
6
37.000033783768366
1.0031948963187562
2
49.0000163265279
4
22.000002272727155
16
6.000133331851885
12.000004166665942
34.00000588235243
30.000059999939996
34.000094117516795
14.000003571428115
31.000014516125635
9.000138887817231
19.00001052631287
36.00006805549123
5
19.00009473660592
34.000072058747165
34.000072058747165
8.000024999960937
3.0008165555395085
43
27.000007407406393
36.00000138888886
20.000009999997502
15.000083333101852
30.000001666666623
18.000011111107682
30.000106666477038
41.00004390241552
10.00012499921876
9.000005555553841
26.00003076921256
19
10.000004999998751
35
20.00003999996
35.00000571428525
26.000007692306554
39
12.000066666481482
44.00000113636362
38.00001184210341
7.000257138134284
29.00011034461766
24.000018749992677
30
14.000128570838198
6.000299992500374
14.000089285429576
50.00001599999744
40.000019999995004
36
22.000020454535946
50.00000899999919
24.000018749992677
35.000051428533645
34.000072058747165
45.00005444441151
33.00000606060551
6.000299992500374
24.000002083333243
5
11.000113635776676
24.000002083333243
35.0000128571405
2.0012246250733576
6.000033333240741
45.00003999998223
33.00005454540946
17.000026470567626
29.00011034461766
10.00001999998
44.000055681782946
23.000106521492462
29.000006896550907
47.00000106382978
16.00001249999512
44.00004090907189
21.000059523725167
48
21.00000952380736
7
40.000061249953106
47.00000957446711
18.000099999722224
37.000033783768366
50.000001
50.000035999987034
45.000001111111104
7.000178569150932
33.0000969695545
36.00000138888886
48.00005104163954
41.000004878048486
34
26.00000192307685
24.000033333310185
50
25.000031999979523
18.000136110596497
6
23.000139130013974
8
6.000299992500374
32.00000624999939
43.00001860464713
21.000152380399527
34.000072058747165
47.000004255318956
26.000017307686548
16.00002812497528
17.000144117036186
26.00000192307685
13.000138460801102
23
35.00006999993
31.000025806440878
5.000359987040933
23.00000217391294
44.00004090907189
13
20.00006249990234
41.00001951219048
35.00006999993
18.00002499998264
19.000042105216504
12.000004166665942
48.00001666666377
17.000002941176216
25
8.000024999960937
11.000163635146524
15.000003333332963
46.00000434782588
30.000006666665925
18.000002777777564
23.00001956520907
5.000489975992353
13.000246151515746
25.000031999979523
1.0024470060806208
45.00000999999889
20.00003999996
7.000064285419099
39.00002051281512
5
29.000027586193774
4.000449974690347
22
39.000062820462226
16.00002812497528
32
26.000017307686548
36.00001249999783
33.00007424234073
17
33
9.000355548532514
29.000062068899094
8.000099999375008
46.00006956516479
43
32.00003906247616
41.000059756054014
11.000163635146524
40.000011249998416
46.00006956516479
32.00000624999939
24.000074999882813
41.000004878048486
32.00001406249691
31.000079032157323
12.00026666370377
2
6.000133331851885
29.000006896550907
36.00004999996528
20.000159999360005
25.00000199999992
15.000029999969998
32.00009999984375
37.00006621615697
11.000018181803155
37.00004864861667
5.000359987040933
46.00003913041814
32.00005624995056
9.000022222194788
20.0000899997975
18.000002777777564
15.00001333332741
10.000319994880165
42.000001190476176
4.000312487793923
12
16.00002812497528
18.000136110596497
22.000081818029674
14.000228569562712
11.000113635776676
26.000123076631773
22.000081818029674
42.000076190407086
40.0000312499878
8.0003999900005
2.000099997500125
16.000003124999694
13.00001538460628
14.000003571428115
36
30.000106666477038
45.00003999998223
28.000044642821557
12.000066666481482
17.000105882023206
45.000017777774275
28.00000178571423
21
2.000399960007998
19.00009473660592
15.000053333238519
33.00005454540946
28
41.000059756054014
15.000083333101852
7.000349991250436
7.000257138134284
44.00007272721262
41.000004878048486
7
26.00003076921256
14.000089285429576
43.00004186044473
36.00001249999783
8.000224996836026
14.000228569562712
49.00003673468011
35.00009142845201
21.000021428560494
33.00000151515148
34.00005294113525
11.000113635776676
50.00001599999744
2
47.00006808505707
41.000059756054014
13
42
36.00006805549123
1.000199980003999
4
20.000009999997502
50.00001599999744
25.000127999672323
36.00000138888886
16.000153124267282
9.000138887817231
20.000122499624844
27.000007407406393
11.000113635776676
39.00002051281512
12.000004166665942
37.00001216216016
33.00005454540946
48.00000104166666
46.00000108695651
18.000099999722224
49.000004081632476
29.00011034461766
48.000004166666486
21.00000952380736
15.000163332444084
40
11.000290905244277
40.00000499999969
31.000079032157323
48.00000104166666
44.000055681782946
39.00003205126888
24.000074999882813
20.00003999996
19.000128946930857
49
32
20.000022499987345
30.000041666637735
14
38.00002105262574
13.000061538315887
29.000001724137878
24.00005208327682
5.000089999190013
45.00003999998223
30.000041666637735
38.00008421043301
11.000040909014837
7.000257138134284
23.000054347761875
43.000004651162534
14.000174998906264
12.000037499941406
10.000319994880165
14.000003571428115
25.000127999672323
36.00004999996528
6.000074999531256
9.000355548532514
4.000312487793923
42.00004285712099
49.000049999974486
40.000019999995004
20.0000899997975
35.00000571428525
17.000073529252745
17.000188234251997
8.000024999960937
37.00006621615697
11.000018181803155
6.000533309631736
21.000002380952246
16.00002812497528
36.00004999996528
8.0003999900005
8.000224996836026
39.000001282051265
39.00001153845983
26.00004807687863
47.00000106382978
25.000017999993517
50.00000899999919
13.000188460172415
24.000033333310185
8.000024999960937
46
29.000001724137878
27
8.00000624999756
10.00004499989875
41.000059756054014
5.000639959045242
9.000022222194788
12.000004166665942
10
11.000004545453606
37.00004864861667
2.0002249873451734
43.00005697670644
22.000020454535946
12.000004166665942
17.000144117036186
27.000007407406393
7.000064285419099
35.00009142845201
22.000145454064615
11.00022272501789
9.000022222194788
45
40
26.00006923067706
38.000001315789454
6.000299992500374
38.000001315789454
22.000056818108447
28.000016071423957
26.00003076921256
23.000034782582397
17.000026470567626
35
44.000028409081736
16.000112499604494
16.000003124999694
50
26.00004807687863
8.0003999900005
29.000084482635565
37.000086486385406
42.00004285712099
35.000051428533645
22.000056818108447
29.000043103416242
47.000004255318956
4
47
33.00000151515148
48.000004166666486
1.0004498987955368
20.0000899997975
34.00000588235243
6.000033333240741
15.00001333332741
32.00000624999939
23.000139130013974
3.0000666659259423
19.000002631578763
31.00004032255442
1.000199980003999
5.000639959045242
5.00000999999
27.000046296256606
17.000011764701814
38.00001184210341
26.000094230598474
7.000349991250436
50.00004899997599
31.000025806440878
44
3.0005999400119965
24.000002083333243
43.000029069757616
2.0002249873451734
50
26.000007692306554
33.00005454540946
17.000105882023206
9
28.00000178571423
31.00000645161223
15.000003333332963
42.00000476190449
48.000004166666486
14.000089285429576
40
10.00001999998
29
34.0000014705882
2.000399960007998
36.00001249999783
40.0000312499878
48.00006666662037
34.000094117516795
2.0002249873451734
48.00000104166666
44.00000454545431
49.000001020408156
4.00019999500025
27.000029629613376
1.0004498987955368
46.000053260838726
24.00005208327682
10.00004499989875
4.00019999500025
12.000016666655092
26.000094230598474
23.000106521492462
37.000033783768366
8.00015624847415
2.000624902374256
13.000061538315887
44.00000454545431
48.00001666666377
41.0000780487062
45
49.00006530607894
10.00001999998
1.0017983829094554
26.000007692306554
8.000224996836026
23.00007826073642
5
43.00000116279068
27.000007407406393
8.000056249802247
12.000016666655092
22.000009090907213
24.000033333310185
32.00007656240841
25.00000199999992
11.000072727032308
22.000081818029674
47.00003829785674
31.000058064461747
30.00002666665482
26.00006923067706
42
29.000043103416242
25
24.000018749992677
37.00001216216016
11.000163635146524
41.00004390241552
36
47
34
43.00004186044473
5.000489975992353
4.000312487793923
39.000001282051265
41
3.000149996250187
47
42
38.000001315789454
23.00000217391294
14.000014285706996
7.000028571370263
35.00009142845201
13
37.00004864861667
5.000359987040933
20.00006249990234
39.00001153845983
25.000017999993517
11.000004545453606
3.0005999400119965
44.00000454545431
22.000111363354506
14.000003571428115
31.000014516125635
7.000028571370263
38.000064473629514
25.000031999979523
50.00000399999984
49.000001020408156
39.00003205126888
42.00005833329283
18.000069444310487
45.00005444441151
33.00000151515148
40.00007999992
43.00007441854025
20.000159999360005
28.000044642821557
39.00008205119574
5.000249993750312
32.00005624995056
44.00004090907189
27.000029629613376
49.00002551019744
36.00006805549123
9.000199997777827
8.000024999960937
32.00009999984375
11.00022272501789
40
22.000145454064615
16.000153124267282
27.000066666584367
13.00001538460628
24.000074999882813
27.000029629613376
26.00000192307685
50.000024999993755
33.00001363636082
25.000097999807924
40.000019999995004
29.000001724137878
39.00001153845983
9.000022222194788
43.00005697670644
40.000019999995004
12.000016666655092
1.0031948963187562
31.00000645161223
12.000016666655092
15.000003333332963
1.0017983829094554
46.00001739130106
50.00000399999984
17
6.000408319439602
45.000027777769205
17.000047058758398
34.00000588235243
47.00005212763067
9
39.000062820462226
21
3.0000166666203705
24.000018749992677
40.00000499999969
12.000104166214559
41
26.000017307686548
46.00001739130106
30.000041666637735
41.00003048779354
39.00008205119574
44.00000454545431
40.000011249998416
37.00001216216016
5.0001599974400825
13.000138460801102
23.00007826073642
35.00009142845201
28.00011428548105
5.00000999999
17.000011764701814
47.00005212763067
11.000290905244277
42.00005833329283
27.00000185185179
4
20.000159999360005
18
31.000058064461747
36.00000138888886
30
34.00000588235243
49.00003673468011
50.000063999959046
35.00003571426749
47.00000106382978
31.00000645161223
49.000001020408156
24.000033333310185
23.00000869565053
21.00000952380736
28.00011428548105
19.000128946930857
7.000007142853498
8.000056249802247
39.00004615381884
42
7.000257138134284
48
3.0004166377355
43.000029069757616
39.00004615381884
32.00000624999939
27.000029629613376
