greatest
38.00
45.00
2.00
26.00
29.00
40.00
23.00
18.00
41.00
19.00
37.00
2.00
10.00
4.00
4.00
20.00
19.00
12.00
21.00
45.00
47.00
22.00
47.00
8.00
34.00
42.00
50.00
2.00
33.00
13.00
34.00
34.00
31.00
13.00
45.00
6.00
30.00
25.00
50.00
24.00
30.00
7.00
42.00
14.00
5.00
42.00
45.00
3.00
38.00
4.00
48.00
46.00
29.00
20.00
26.00
29.00
40.00
1.00
44.00
11.00
13.00
6.00
29.00
1.00
44.00
45.00
4.00
24.00
13.00
40.00
34.00
47.00
12.00
11.00
35.00
12.00
35.00
34.00
43.00
46.00
18.00
47.00
50.00
31.00
36.00
9.00
48.00
21.00
34.00
48.00
20.00
50.00
28.00
50.00
24.00
49.00
39.00
20.00
20.00
36.00
25.00
25.00
5.00
16.00
15.00
47.00
46.00
24.00
39.00
23.00
9.00
16.00
46.00
12.00
43.00
30.00
32.00
24.00
5.00
48.00
26.00
46.00
50.00
11.00
8.00
49.00
34.00
30.00
10.00
45.00
26.00
4.00
3.00
48.00
41.00
2.00
35.00
10.00
25.00
29.00
49.00
7.00
50.00
9.00
42.00
27.00
33.00
22.00
10.00
33.00
39.00
38.00
23.00
3.00
16.00
25.00
37.00
15.00
34.00
29.00
40.00
43.00
38.00
15.00
1.00
38.00
40.00
10.00
46.00
25.00
35.00
22.00
3.00
40.00
11.00
11.00
6.00
15.00
17.00
37.00
40.00
22.00
35.00
6.00
22.00
5.00
13.00
48.00
24.00
50.00
13.00
38.00
6.00
38.00
10.00
34.00
1.00
16.00
11.00
25.00
16.00
29.00
43.00
19.00
17.00
34.00
50.00
34.00
28.00
42.00
50.00
40.00
50.00
13.00
27.00
41.00
36.00
42.00
42.00
27.00
20.00
45.00
48.00
7.00
33.00
11.00
12.00
47.00
32.00
43.00
19.00
21.00
32.00
19.00
40.00
1.00
4.00
43.00
47.00
45.00
47.00
25.00
18.00
18.00
3.00
28.00
50.00
17.00
48.00
39.00
31.00
13.00
27.00
45.00
32.00
33.00
15.00
27.00
50.00
33.00
7.00
22.00
46.00
31.00
12.00
41.00
2.00
30.00
22.00
9.00
12.00
44.00
27.00
39.00
35.00
42.00
12.00
25.00
14.00
48.00
29.00
36.00
45.00
50.00
16.00
42.00
25.00
15.00
6.00
6.00
49.00
16.00
3.00
16.00
46.00
45.00
48.00
13.00
16.00
40.00
37.00
13.00
29.00
24.00
27.00
34.00
35.00
19.00
49.00
44.00
43.00
42.00
28.00
8.00
38.00
20.00
19.00
6.00
3.00
30.00
43.00
16.00
22.00
17.00
41.00
35.00
50.00
43.00
30.00
41.00
25.00
11.00
20.00
36.00
31.00
30.00
14.00
18.00
46.00
20.00
48.00
44.00
20.00
2.00
19.00
5.00
29.00
33.00
47.00
17.00
10.00
36.00
50.00
1.00
11.00
20.00
31.00
26.00
4.00
41.00
47.00
13.00
33.00
35.00
19.00
34.00
25.00
7.00
27.00
3.00
18.00
33.00
8.00
49.00
42.00
47.00
23.00
37.00
32.00
20.00
29.00
47.00
29.00
16.00
49.00
45.00
37.00
35.00
46.00
15.00
30.00
20.00
16.00
28.00
38.00
13.00
41.00
10.00
17.00
10.00
30.00
2.00
6.00
39.00
16.00
38.00
45.00
34.00
27.00
13.00
18.00
21.00
34.00
30.00
41.00
36.00
20.00
20.00
28.00
40.00
41.00
33.00
36.00
33.00
41.00
16.00
44.00
29.00
38.00
49.00
23.00
34.00
7.00
35.00
40.00
42.00
8.00
9.00
18.00
6.00
3.00
41.00
31.00
32.00
49.00
47.00
48.00
41.00
26.00
41.00
47.00
17.00
28.00
12.00
41.00
13.00
32.00
15.00
11.00
2.00
34.00
15.00
32.00
4.00
47.00
44.00
37.00
15.00
9.00
23.00
46.00
20.00
22.00
13.00
40.00
38.00
40.00
31.00
28.00
8.00
3.00
47.00
17.00
34.00
34.00
16.00
35.00
7.00
46.00
22.00
34.00
12.00
1.00
8.00
46.00
1.00
35.00
27.00
8.00
21.00
5.00
1.00
50.00
23.00
7.00
15.00
5.00
44.00
21.00
6.00
3.00
42.00
41.00
23.00
46.00
32.00
4.00
26.00
39.00
38.00
49.00
10.00
4.00
46.00
15.00
24.00
20.00
37.00
5.00
41.00
46.00
31.00
28.00
36.00
2.00
13.00
50.00
39.00
43.00
14.00
36.00
17.00
27.00
17.00
28.00
23.00
21.00
34.00
35.00
34.00
35.00
34.00
1.00
14.00
7.00
5.00
15.00
43.00
10.00
44.00
1.00
43.00
36.00
37.00
14.00
30.00
20.00
23.00
38.00
48.00
36.00
38.00
17.00
41.00
29.00
23.00
17.00
11.00
27.00
29.00
44.00
47.00
2.00
37.00
29.00
43.00
18.00
44.00
40.00
17.00
34.00
49.00
16.00
5.00
1.00
29.00
27.00
31.00
29.00
15.00
6.00
49.00
45.00
49.00
13.00
41.00
14.00
6.00
34.00
27.00
13.00
45.00
34.00
14.00
20.00
10.00
18.00
36.00
9.00
23.00
21.00
22.00
24.00
31.00
32.00
9.00
31.00
9.00
12.00
10.00
32.00
10.00
14.00
31.00
25.00
40.00
39.00
32.00
7.00
31.00
2.00
27.00
21.00
38.00
20.00
38.00
16.00
5.00
14.00
41.00
36.00
45.00
38.00
3.00
34.00
13.00
25.00
25.00
13.00
7.00
33.00
16.00
50.00
25.00
35.00
38.00
13.00
20.00
16.00
8.00
30.00
31.00
9.00
2.00
17.00
11.00
26.00
19.00
16.00
15.00
22.00
28.00
25.00
11.00
11.00
8.00
33.00
8.00
3.00
12.00
40.00
11.00
41.00
48.00
38.00
16.00
23.00
7.00
9.00
35.00
29.00
26.00
17.00
41.00
44.00
21.00
26.00
30.00
19.00
2.00
42.00
45.00
46.00
34.00
8.00
50.00
8.00
19.00
11.00
17.00
36.00
44.00
21.00
28.00
17.00
20.00
28.00
44.00
27.00
13.00
30.00
17.00
36.00
41.00
21.00
45.00
5.00
2.00
6.00
17.00
31.00
1.00
20.00
36.00
39.00
4.00
8.00
2.00
6.00
10.00
28.00
50.00
43.00
19.00
20.00
7.00
7.00
46.00
6.00
17.00
49.00
27.00
18.00
11.00
24.00
43.00
14.00
18.00
14.00
30.00
50.00
24.00
47.00
34.00
28.00
26.00
12.00
48.00
11.00
18.00
33.00
45.00
12.00
25.00
6.00
40.00
50.00
28.00
7.00
17.00
31.00
46.00
24.00
1.00
36.00
10.00
17.00
43.00
23.00
31.00
39.00
6.00
24.00
20.00
26.00
17.00
29.00
27.00
43.00
2.00
9.00
37.00
30.00
48.00
32.00
14.00
21.00
41.00
37.00
40.00
23.00
14.00
25.00
18.00
3.00
21.00
26.00
45.00
9.00
41.00
19.00
36.00
49.00
46.00
33.00
46.00
1.00
12.00
5.00
30.00
37.00
26.00
28.00
14.00
40.00
12.00
42.00
20.00
40.00
47.00
26.00
13.00
44.00
28.00
35.00
21.00
5.00
40.00
43.00
14.00
9.00
31.00
5.00
36.00
21.00
2.00
4.00
2.00
27.00
44.00
23.00
27.00
28.00
38.00
41.00
1.00
49.00
17.00
38.00
21.00
43.00
27.00
19.00
35.00
7.00
25.00
43.00
23.00
26.00
9.00
8.00
16.00
17.00
24.00
49.00
22.00
26.00
6.00
37.00
38.00
39.00
30.00
44.00
36.00
42.00
47.00
32.00
36.00
46.00
19.00
50.00
45.00
37.00
36.00
27.00
37.00
7.00
4.00
1.00
47.00
43.00
32.00
37.00
42.00
48.00
23.00
44.00
41.00
30.00
45.00
39.00
28.00
35.00
38.00
14.00
19.00
29.00
21.00
25.00
42.00
42.00
29.00
2.00
3.00
31.00
38.00
3.00
41.00
27.00
46.00
21.00
16.00
17.00
50.00
25.00
39.00
3.00
9.00
17.00
42.00
39.00
47.00
43.00
25.00
25.00
5.00
15.00
33.00
6.00
47.00
11.00
1.00
38.00
15.00
24.00
20.00
43.00
10.00
34.00
12.00
42.00
47.00
45.00
37.00
46.00
13.00
21.00
50.00
40.00
16.00
10.00
47.00
37.00
46.00
1.00
47.00
24.00
42.00
10.00
4.00
