regexp_instr
0
0
9
0
0
0
0
0
11
0
0
0
25
0
4
0
18
0
0
0
0
0
0
0
0
0
0
0
7
0
0
0
0
20
0
17
0
7
0
0
0
0
0
0
15
0
10
0
3
11
17
0
0
0
0
33
0
0
26
0
0
6
2
11
10
0
17
0
0
0
12
0
0
0
12
0
0
27
13
0
0
0
17
0
0
0
13
2
17
0
9
0
0
14
12
8
0
0
8
4
0
31
0
14
0
0
0
0
0
17
0
0
0
0
0
6
0
9
0
0
8
0
0
19
0
0
23
0
0
0
0
0
0
0
0
25
0
2
33
5
0
0
7
0
0
0
1
33
0
0
1
3
0
0
8
17
0
18
0
12
0
0
0
0
0
0
0
0
9
3
0
0
0
0
0
15
0
24
0
0
3
0
0
0
0
7
3
0
0
0
21
0
0
0
0
0
0
6
0
9
35
0
0
0
9
18
0
28
34
0
0
14
15
0
0
4
8
3
0
0
0
7
0
0
30
0
0
0
31
0
0
0
0
29
0
17
15
0
12
0
4
0
0
0
0
0
0
26
11
0
25
0
1
0
0
0
0
0
0
0
0
0
3
7
0
8
0
0
0
0
0
0
0
0
0
0
0
0
17
0
18
0
9
0
0
0
0
31
0
0
0
11
8
3
25
0
0
0
4
0
0
0
4
0
4
0
0
7
17
0
29
0
0
3
0
0
0
13
0
2
0
22
0
0
7
0
0
9
0
0
0
2
0
0
4
0
0
18
19
0
0
0
0
16
13
0
0
0
0
15
15
0
0
0
0
0
1
17
7
0
37
0
0
0
23
0
0
0
16
0
0
16
0
0
22
0
0
24
17
0
0
18
0
20
27
0
0
0
0
0
5
0
0
5
0
0
0
0
0
0
0
32
22
10
16
0
0
0
0
17
0
25
0
16
0
0
23
27
0
7
18
18
0
0
23
0
0
0
22
0
4
0
0
0
22
0
0
14
13
10
0
0
0
0
0
0
5
0
0
0
0
0
0
0
3
0
2
0
0
0
0
2
0
13
27
0
0
0
0
0
0
0
12
0
14
0
0
6
0
0
0
0
0
14
0
0
0
6
0
0
7
0
0
1
0
0
0
20
14
12
0
0
0
1
0
0
0
0
0
0
35
12
15
0
0
0
0
0
0
11
0
3
0
0
0
11
0
0
30
0
0
29
6
0
11
2
0
0
3
0
4
0
34
19
34
12
0
12
0
0
0
0
0
0
0
0
5
0
9
0
30
0
0
0
0
0
0
26
0
0
0
20
17
0
7
0
0
0
19
0
0
0
0
11
0
0
0
0
0
0
0
18
0
0
5
0
0
7
19
0
0
4
8
9
0
0
0
0
0
0
0
0
0
0
0
28
0
9
4
0
9
0
0
0
0
17
0
0
0
13
26
0
0
0
11
21
9
0
32
0
34
0
0
0
6
0
24
0
0
0
17
21
8
6
0
0
22
30
16
0
16
12
28
0
0
4
0
0
0
0
6
0
1
0
0
14
0
0
0
0
0
0
0
0
13
0
0
0
0
0
1
0
28
0
0
18
0
0
14
6
28
0
0
22
0
0
18
7
17
0
5
0
21
37
0
0
0
0
0
0
10
0
26
0
0
0
0
0
0
3
7
0
11
5
0
0
0
0
0
0
11
12
0
0
14
0
11
0
0
0
10
7
17
0
9
0
0
8
5
0
16
0
15
0
0
0
0
0
0
0
0
7
0
31
0
0
0
7
0
0
8
0
0
12
0
27
8
0
0
0
0
0
0
0
0
0
0
0
0
32
13
7
5
0
0
0
0
0
23
12
0
0
18
10
0
13
22
0
0
19
0
32
18
0
0
30
7
0
0
0
0
0
17
0
0
0
0
5
13
0
25
9
16
0
0
0
15
0
9
0
26
0
0
0
7
0
0
0
0
0
0
0
0
0
0
0
0
16
15
0
24
0
0
19
14
0
0
0
0
15
0
0
0
0
0
0
20
0
0
0
0
0
20
0
21
0
0
0
4
6
0
0
0
24
0
0
0
14
0
0
10
6
0
29
0
33
0
0
21
0
0
0
0
0
2
16
1
0
13
27
2
0
27
0
0
0
3
0
0
0
16
0
0
9
0
0
0
0
0
0
0
6
0
9
0
0
0
1
32
0
0
10
0
19
0
0
15
0
0
0
0
0
0
19
0
22
5
0
0
7
0
0
0
2
1
21
31
0
0
4
0
0
0
0
0
5
0
0
17
0
