array
623044
623044
623045
623045
623045
623045
623045
623045
623045
623046
623046
623047
623047
623047
623047
623047
623047
623072
623072
623072
623073
623073
623073
623073
623073
623073
623073
623074
623074
623074
623075
623075
623075
623076
623076
623076
623076
623076
623076
623076
623077
623077
623077
623077
623078
623079
623079
623079
623079
623104
623104
623104
623104
623104
623104
623105
623105
623105
623105
623105
623105
623105
623106
623106
623106
623107
623107
623107
623107
623107
623107
623108
623109
623109
623109
623110
623110
623110
623110
623110
623110
623111
623111
623111
623111
623136
623136
623136
623136
623137
623137
623137
623137
623137
623137
623138
623138
623138
623138
623139
623139
623139
623140
623140
623140
623141
623141
623142
623142
623143
623143
623143
623143
623143
623168
623168
623168
623168
623168
623168
623169
623169
623169
623170
623170
623170
623170
623170
623170
623171
623171
623171
623171
623171
623171
623171
623172
623172
623172
623172
623173
623174
623174
623174
623175
623175
623175
623175
623175
623175
623175
623200
623200
623200
623201
623201
623202
623202
623202
623203
623203
623203
623204
623205
623205
623205
623205
623205
623205
623205
623206
623206
623206
623206
623206
623206
623206
623207
623207
623232
623232
623232
623233
623233
623233
623233
623233
623233
623233
623234
623234
623235
623235
623236
623237
623237
623238
623238
623238
623238
623239
623239
623239
623264
623264
623264
623264
623264
623264
623264
623265
623265
623265
623265
623266
623266
623267
623267
623268
623269
623269
623269
623269
623269
623269
623269
623270
623270
623270
623271
623271
623271
623271
623271
623271
623271
623296
623297
623297
623297
623297
623297
623297
623298
623298
623298
623298
623298
623298
623298
623299
623299
623300
623301
623301
623301
623301
623302
623303
623303
623328
623328
623329
623329
623329
623329
623329
623330
623330
623330
623330
623330
623330
623331
623331
623331
623331
623331
623331
623332
623332
623332
623333
623334
623335
623335
623335
623335
623335
623335
623360
623360
623361
623361
623361
623361
623362
623362
623362
623362
623362
623362
623363
623363
623364
623364
623364
623365
623365
623365
623365
623366
623366
623366
623366
623366
623366
623367
623367
623367
623392
623392
623392
623392
623392
623393
623394
623394
623394
623394
623394
623395
623395
623395
623396
623396
623397
623397
623397
623398
623398
623399
623399
623399
623399
623399
623399
623399
623424
623425
623425
623425
623425
623425
623425
623426
623427
623428
623428
623428
623428
623428
623429
623429
623429
623429
623430
623430
623430
623430
623430
623430
623430
623431
623431
623431
623431
623431
623431
623456
623456
623456
623456
623457
623457
623457
623457
623457
623458
623458
623458
623458
623459
623459
623459
623459
623459
623460
623460
623460
623461
623462
623462
623462
623462
623462
623462
623462
623463
623463
623463
623463
623463
623463
623463
623488
623488
623489
623489
623489
623489
623489
623490
623490
623490
623490
623490
623491
623492
623492
623492
623493
623493
623494
623494
623495
623495
623495
623495
623495
623495
623495
623520
623520
623520
623520
623520
623520
623520
623521
623521
623521
623522
623522
623522
623523
623523
623523
623523
623523
623523
623524
623524
623524
623524
623525
623525
623525
623525
623525
623526
623526
623526
623526
623526
623526
623527
623552
623552
623552
623552
623552
623552
623553
623553
623554
623554
623555
623555
623555
623555
623555
623556
623556
623557
623557
623558
623558
623559
623559
623559
623559
623559
623559
623559
623584
623584
623584
623584
623584
623584
623585
623585
623585
623585
623586
623587
623587
623587
623588
623588
623588
623588
623588
623588
623589
623589
623589
623589
623590
623591
623591
623591
623616
623617
623618
623618
623618
623619
623619
623619
623619
623619
623619
623620
623621
623621
623621
623621
623621
623621
623621
623622
623623
623623
623648
623648
623648
623648
623648
623649
623649
623649
623649
623649
623649
623650
623650
623650
623650
623650
623651
623651
623651
623651
623651
623652
623652
623652
623652
623653
623654
623654
623654
623654
623655
623655
623655
623680
623681
623681
623681
623682
623682
623683
623683
623683
623683
623684
623684
623684
623684
623684
623684
623684
623685
623686
623686
623686
623686
623687
623687
623687
623712
623712
623713
623713
623713
623714
623714
623714
623715
623715
623715
623715
623715
623715
623715
623716
623717
623717
623717
623717
623717
623717
623717
623718
623718
623718
623718
623718
623718
623719
623719
623744
623744
623744
623744
623744
623744
623744
623745
623745
623745
623745
623745
623745
623746
623746
623746
623746
623746
623746
623746
623747
623747
623747
623748
623748
623749
623749
623750
623750
623750
623751
623751
623751
623776
623776
623776
623776
623776
623777
623777
623777
623777
623777
623778
623779
623779
623779
623779
623780
623780
623781
623781
623781
623781
623781
623781
623782
623782
623782
623782
623783
623783
623783
623783
623783
623783
623783
623808
623809
623809
623809
623809
623809
623809
623810
623811
623811
623811
623811
623811
623811
623812
623813
623813
623814
623814
623814
623814
623815
623815
623815
623840
623840
623841
623842
623842
623842
623842
623842
623843
623843
623844
623845
623845
623845
623845
623846
623846
623846
623846
623846
623846
623846
623847
623847
623847
623847
623847
623872
623872
623872
623873
623873
623873
623874
623874
623874
623874
623874
623875
623875
623875
623875
623875
623875
623876
623876
623876
623876
623876
623876
623876
623877
623878
623878
623878
623878
623878
623878
623879
623879
623904
623904
623904
623904
623904
623904
623905
623905
623905
623905
623905
623905
623905
623906
623906
623906
623907
623907
623907
623907
623907
623907
623908
623908
623909
623909
623909
623909
623910
623911
623936
623936
623936
623936
623936
623937
623938
623938
623939
623939
623939
623939
623939
623940
623940
623940
623940
623940
623940
623941
623941
623941
623941
623942
623942
623942
623942
623942
623943
623943
623943
623968
623968
623968
623969
623969
623969
623969
623969
623970
623970
623970
623970
623970
623970
623970
623971
623972
623972
623972
623973
623973
623973
623973
623974
623974
623974
623974
623974
623974
623975
623975
623975
624000
624001
624001
624001
624001
624001
624001
624001
624002
624002
624002
624003
624004
624005
624005
624005
624005
624005
624006
624006
624006
624006
624007
624007
624007
624007
624007
624007
624007
624032
624032
624032
624032
624032
624033
624033
624033
624033
624033
624033
624034
624034
624034
624035
624035
624035
624035
624035
624036
624037
624037
624038
624038
624038
624038
624038
624038
624038
624039
624039
624039
624039
624039
624039
624039
624064
624064
624064
624064
624064
624064
624065
624065
624065
624065
624066
624066
624066
624066
624067
624067
624068
624069
624070
624070
624070
624070
624070
624070
624070
624071
624071
624071
624071
624071
624071
624096
624097
624097
624098
624098
624098
624098
624098
624098
624099
624099
624099
624099
624099
624099
624100
