array_to_string
625730,23847
625730,196467
625730,19808
625730,98874
625731,68704
625731,104263
625731,142955
625731,34400
625731,159506
625731,1779
625732,148417
625732,42038
625732,128514
625733,82974
625733,135030
625733,35933
625734,3883
625734,57274
625734,193298
625734,147307
625734,182385
625735,59935
625760,103552
625760,188168
625760,131474
625760,74247
625760,66616
625760,3248
625761,143726
625761,194633
625761,190537
625761,147174
625761,150123
625761,110555
625761,85822
625762,1627
625762,134941
625762,149590
625762,151882
625762,73566
625762,12627
625763,13804
625763,188394
625763,136367
625763,106252
625763,167991
625763,19064
625763,197337
625764,42421
625765,173382
625766,49891
625766,105692
625766,155881
625766,75668
625766,151665
625766,22288
625766,178021
625767,187999
625767,91047
625767,12181
625767,124789
625767,127408
625767,145761
625792,73253
625792,147298
625792,30885
625793,65039
625793,96999
625793,48835
625793,159143
625793,106826
625794,36690
625794,41161
625794,177669
625794,78785
625794,131025
625794,125317
625795,85240
625795,20675
625795,78666
625795,136293
625795,68332
625795,41427
625795,58436
625796,130021
625796,50177
625796,124416
625796,45576
625796,192723
625796,89031
625796,128324
625797,137296
625797,127563
625797,141135
625797,54722
625797,105715
625798,153725
625798,46164
625798,68457
625798,146843
625798,175436
625799,22448
625799,82462
625824,48117
625824,95886
625824,142771
625825,59794
625825,151474
625825,15347
625825,122414
625826,189640
625826,78424
625826,60512
625826,24096
625826,177519
625826,152524
625826,58851
625827,92334
625827,45589
625827,1103
625827,135255
625827,22270
625827,80519
625827,68366
625828,17055
625828,36447
625828,150347
625828,75650
625828,48174
625829,53183
625829,43114
625829,12854
625829,28662
625829,111418
625829,189736
625829,77529
625830,29692
625830,19222
625830,56694
625830,46220
625830,12887
625830,180044
625831,144774
625831,4894
625831,40548
625831,88025
625831,34587
625856,177010
625857,169657
625857,18487
625857,99754
625857,152973
625857,1511
625857,183042
625858,82285
625859,124127
625859,196464
625859,168104
625859,107631
625859,144226
625859,2630
625859,193559
625860,136736
625860,108711
625861,58955
625861,44847
625861,139568
625861,118392
625862,96416
625863,47029
625863,7041
625863,135147
625888,90371
625888,59889
625889,65858
625890,14552
625890,163509
625890,82227
625890,176074
625891,153468
625891,121772
625891,21151
625891,75391
625892,133752
625892,157166
625892,77144
625892,153803
625893,132680
625893,139904
625893,162306
625894,58484
625894,132859
625894,154331
625894,25093
625894,126489
625895,21509
625895,94590
625895,168029
625920,124527
625920,112402
625920,127636
625921,102850
625921,191410
625921,13258
625921,20534
625921,103186
625922,160895
625923,141365
625924,163632
625924,160744
625924,24003
625924,17733
625924,29192
625925,174493
625925,98019
625926,176793
625926,154025
625926,95509
625927,164018
625927,35127
625952,146164
625952,164324
625952,181737
625953,38200
625954,38354
625954,9682
625954,116283
625954,157283
625954,42560
625954,96541
625954,160408
625955,177131
625955,30677
625955,183848
625955,132058
625956,143820
625956,171252
625957,120745
625957,160609
625957,138827
625957,61892
625957,13675
625958,151640
625958,13389
625958,28434
625958,81215
625958,164524
625958,148542
625958,139349
625959,24981
625959,43991
625959,142770
625959,121273
625959,21057
625959,99227
625959,101856
625984,86770
625984,126864
625985,51108
625985,159252
625985,142326
625985,65499
625986,150137
625986,139719
625986,43797
625986,81066
625986,69454
625987,186973
625987,50402
625987,97291
625988,73960
625988,29200
625988,148699
625989,46249
625989,99545
625990,6942
625990,64638
625990,160728
625990,154128
625990,26492
625990,41988
625991,165327
625991,48663
625991,67927
625991,43438
626016,182339
626016,164956
626016,10852
626016,188640
626016,62637
626016,127066
626017,168707
626017,56510
626018,4162
626018,139229
626019,76012
626019,128867
626019,55514
626019,16553
626019,197991
626020,115003
626020,45870
626020,124672
626020,162215
626020,138696
626021,26751
626021,198158
626021,27435
626022,165389
626023,154672
626048,131552
626049,165921
626049,32488
626049,20439
626050,152682
626050,124000
626050,60404
626051,83
626052,49769
626052,51342
626052,96641
626053,9053
626053,148424
626053,155176
626054,12303
626054,159946
626054,3377
626054,144776
626054,45113
626055,37614
626055,178313
626055,98670
626055,139293
626080,125141
626080,37181
626080,97581
626080,35733
626080,157829
626080,29047
626081,162490
626081,156071
626081,74871
626081,142707
626082,119352
626082,143450
626082,148606
626082,13674
626083,79952
626083,148564
626083,113695
626084,145482
626084,109083
626084,151674
626084,184876
626084,196647
626085,131878
626085,70510
626085,51084
626086,194365
626086,90008
626086,163023
626086,127532
626087,78930
626112,6866
626112,194212
626112,105115
626112,62356
626112,1717
626112,54301
626112,27631
626113,182138
626113,183087
626113,127835
626113,110535
626113,145101
626113,104020
626113,57240
626114,16097
626114,130201
626114,85389
626114,125260
626114,43783
626115,173423
626115,114494
626115,91648
626115,122232
626115,145056
626115,144504
626115,67359
626116,93120
626116,61229
626116,62621
626116,55856
626116,161366
626116,75235
626116,70028
626117,153582
626117,48582
626117,114288
626117,25446
626117,66932
626117,117362
626118,64223
626119,199602
626144,50971
626144,66070
626144,23328
626144,65738
626144,45631
626144,114884
626144,44609
626145,138865
626145,89850
626146,109669
626146,6410
626146,126802
626146,154679
626146,88739
626146,20893
626146,145694
626147,77544
626147,79714
626147,151710
626147,175438
626147,175065
626147,101607
626148,82079
626148,92792
626148,143734
626148,126741
626148,122093
626148,13892
626148,72620
626149,114969
626149,73095
626149,105340
626149,35589
626149,137061
626149,181027
626149,111933
626150,57105
626150,148081
626151,198565
626151,80938
626176,160134
626176,160362
626176,194682
626176,8770
626177,141512
626177,190431
626178,65982
626178,145002
626178,40320
626178,54080
626178,108005
626178,28028
626178,50575
626179,13476
626179,78037
626180,66624
626180,137174
626180,73280
626181,187005
626181,179363
626181,141778
626181,53401
626182,78436
626182,58819
626182,154880
626182,56294
626182,121296
626183,71483
626183,11072
626183,83445
626183,57806
626183,132858
626183,144285
626183,183188
626208,31498
626208,171948
626208,125089
626208,165498
626208,108121
626209,186232
626209,197194
626209,36634
626209,97408
626209,135641
626209,104282
626209,54487
626210,148673
626210,131598
626210,153740
626211,194902
626211,105017
626212,52686
626212,76902
626212,90083
626212,15916
626212,85885
626212,53482
626213,198167
626213,179232
626213,150953
626213,64519
626213,159197
626213,17113
626214,139950
626215,105498
626215,88573
626215,42794
626215,24266
626215,25383
626215,1796
626215,176854
626240,177528
626240,107599
626240,1200
626240,158430
626240,122763
626240,64252
626241,183113
626241,177565
626242,73801
626243,145510
626243,178967
626243,96322
626243,70573
626243,108457
626244,24773
626244,157700
626244,56275
626244,5837
626244,101731
626244,189146
626244,168886
626245,55480
626245,51730
626245,21051
626245,196943
626246,152356
626246,38690
626246,60524
626246,19305
626246,45646
626247,185876
626247,13198
626247,6739
626247,50569
626247,104943
626272,107974
626272,106496
626273,159711
626273,48939
626273,115023
626273,188363
626273,2435
626273,108962
626274,98034
626274,44313
626274,165019
626274,68578
626274,189170
626274,166326
626274,33746
626275,152323
626275,83780
626275,89346
626276,271
626276,139724
626276,125394
626276,94045
626276,10543
626276,193344
626277,55450
626277,137571
626277,140829
626277,100817
626278,118658
626278,78024
626278,139705
626278,21752
626278,169864
626279,143417
626279,8314
626279,128777
626304,32893
626304,23739
626304,170023
626304,167266
626305,30347
626305,38392
626305,37969
626305,133147
626305,192459
626305,49581
626306,9760
626307,125230
626307,130623
626308,100836
626308,143300
626308,37766
626308,123558
626308,28903
626308,168545
626309,31713
626310,105073
626310,153728
626310,96843
626310,28250
626310,193546
626310,118501
626311,138922
626336,2042
626336,116362
626336,81357
626336,163403
626336,111677
626336,140107
626336,177677
626337,8571
626337,48473
626337,79496
626337,74700
626337,70891
626338,85666
626338,176489
626338,40659
626338,150088
626338,115602
626338,114705
626338,40639
626339,10563
626339,116969
626339,93497
626339,188886
626340,143966
626340,23178
626340,151606
626340,30721
626340,119029
626340,118340
626341,147377
626341,159302
626341,181530
626341,173139
626341,132933
626342,61976
626342,30417
626342,13884
626342,140212
626342,132361
626342,191133
626342,170678
626343,172913
626368,20036
626368,131772
626368,75745
626368,37201
626368,24755
626369,39162
626370,122325
626370,105742
626370,194681
626370,195958
626370,58797
626370,557
626371,1545
626372,181381
626372,54730
626372,45775
626372,137383
626372,188788
626372,156486
626373,162055
626373,57294
626373,138409
626373,37613
626373,154673
626374,84215
626375,151454
626375,79954
626375,175733
626375,133973
626400,19032
626400,56163
626401,85450
626401,145503
626401,57230
626401,52335
626401,180907
626401,97385
626402,9000
626402,55177
626402,152802
626402,136542
626402,44780
626403,69120
626403,93216
626403,66689
626403,40484
626403,2503
626403,64448
626404,18924
626404,41520
626404,26504
626404,46640
626405,198418
626405,7201
626406,29566
626406,101475
626406,88755
626406,95361
626407,85619
626407,186519
626432,68136
626432,149043
626432,152181
626432,92048
626432,46520
626433,138845
626434,165573
626434,182035
626435,43679
626435,103335
626435,138853
626435,86545
626436,75729
626436,163672
626436,31674
626437,141796
626437,158898
626437,197829
626437,106821
626437,129787
626437,127888
626438,113247
626438,133198
626438,48920
626438,198043
626438,97482
626439,185037
626464,39611
626465,170976
626465,182704
626465,89780
626465,131707
626465,197647
626465,43808
626466,68456
626466,130230
626466,173327
626466,101277
626466,159837
626466,170710
626466,119693
626467,71478
626467,129910
626467,183967
626467,128372
626467,147530
626468,160010
626468,73288
626468,149642
626468,26289
626468,38176
626468,21734
626468,72141
626469,59617
626469,178654
626469,33749
626469,9836
626469,102370
626469,130617
626469,73747
626470,52123
626470,23861
626471,193695
626496,189110
626496,156684
626496,175079
626496,136612
626496,31782
626497,158679
626497,101812
626497,149602
626497,156291
626497,177517
626497,112432
626497,43377
626498,28510
626498,164423
626498,47653
626498,94927
626498,31519
626498,128120
626499,159226
626499,108704
626499,188040
626499,172568
626500,23348
626500,8386
626501,175704
626501,44709
626502,135288
626502,169216
626502,198843
626502,146307
626502,181525
626502,74833
626503,188655
626503,108912
626503,79261
626503,127870
626528,100606
626528,77783
626528,87747
626528,152236
626529,53545
626529,123890
626529,12730
626529,139795
626529,117917
626529,22515
626530,14706
626530,149640
626530,192173
626530,38650
626530,187013
626531,91769
626531,156858
626531,102762
626531,113478
626531,17345
626531,111490
626531,12274
626532,79725
626532,123619
626532,55570
626533,46605
626533,78786
626533,144013
626534,63332
626534,11538
626534,112216
626534,1742
626534,74766
626535,194504
626535,21451
626535,117653
626535,179471
626535,167842
626535,113206
626560,72513
626560,114445
626561,93390
626561,190752
626562,100488
626562,89653
626562,196040
626562,34481
626562,107883
626562,173762
626562,11944
626563,128506
626563,191410
626563,18474
626563,77316
626563,38573
626563,89285
626564,75297
626564,111874
626564,63940
626565,96672
626565,159446
626565,1768
626566,107299
626566,173398
626566,89339
626566,111768
626567,59896
626592,7145
626593,190731
626593,6638
626593,155827
626593,170300
626594,114994
626594,98246
626594,6297
626594,32386
626594,96448
626594,189111
626594,188021
626595,52382
626595,180322
626595,66910
626595,145349
626596,52411
626596,66647
626596,119835
626597,167227
626597,177061
626597,55056
626597,124386
626597,140916
626597,173068
626598,50518
626598,40293
626598,1310
626598,10193
626598,100049
626598,114873
626598,69810
626599,94982
626624,96164
626624,14456
626624,161302
626624,197776
626624,10119
626624,66634
626625,35606
626625,26681
626625,15800
626625,140244
626625,80426
626626,124351
626627,103518
626627,21475
626627,117003
626627,52957
626627,36133
626627,86568
626628,127746
626628,22441
626628,160524
626628,117026
626629,97333
626629,74179
626630,5868
626630,12483
626630,197815
626630,74454
626630,146550
626631,147415
626631,191164
626631,84856
626631,168826
626631,51334
626656,9067
626656,173334
626657,152257
626657,166860
626657,15910
626657,188404
626657,97715
626657,89292
626658,150184
626658,126704
626658,105006
626658,27603
626658,108660
626659,186583
626659,99325
626659,154957
626660,93277
626660,95988
626660,69459
626660,196541
626660,62119
626660,18138
626661,198902
626661,141700
626662,20547
626663,120881
626663,38212
626688,115900
626688,115152
626688,158853
626688,29835
626688,35208
626688,135126
626689,83041
626689,67252
626689,92053
626689,133119
626689,121034
626689,18297
626689,102555
626690,35604
626690,186588
626691,124191
626691,77685
626692,197510
626692,148211
626692,168852
626693,30596
626693,23190
626693,150978
626693,76951
626693,111249
