?column?
13.00
43.02
18.05
12.00
14.00
10.08
44.00
39.08
23.05
4.02
14.02
44.06
45.01
12.08
35.06
45.04
19.04
41.04
41.01
27.08
25.04
1.06
44.07
5.02
15.06
1.03
44.01
19.03
3.07
34.07
5.08
15.05
40.08
38.02
15.07
24.05
44.03
9.00
24.07
26.05
24.01
27.04
31.03
17.00
19.05
38.02
16.07
12.01
31.07
28.07
17.07
27.06
31.04
27.00
30.04
7.04
21.02
50.01
1.06
50.00
31.02
5.08
46.02
35.05
42.06
34.01
35.03
50.06
24.04
22.02
34.08
26.02
29.07
50.02
49.08
18.02
37.03
16.00
3.07
21.00
50.04
8.06
9.05
19.03
23.04
28.06
12.06
19.04
45.03
38.02
40.00
37.04
46.06
46.06
49.01
45.03
30.06
1.05
40.07
40.06
16.04
28.05
20.01
43.03
49.03
43.02
45.05
8.08
9.00
28.08
16.01
11.01
49.01
19.06
48.03
46.01
20.00
40.04
40.07
23.00
13.07
37.04
5.05
2.00
30.06
30.01
31.00
16.03
46.05
45.03
42.01
32.08
35.01
1.07
39.01
41.04
18.07
46.02
4.00
38.06
13.01
40.04
42.06
47.08
35.05
13.05
36.02
3.07
14.08
25.01
2.08
6.06
34.05
19.05
42.04
46.04
12.08
38.00
19.05
34.01
33.02
31.02
18.08
8.01
6.05
35.07
50.04
39.01
21.06
16.05
21.01
33.07
3.01
8.04
14.02
24.00
6.04
48.01
1.02
37.07
31.08
18.04
16.06
17.02
27.06
46.08
30.06
20.04
2.03
20.08
31.08
9.06
50.01
15.00
49.06
50.07
21.03
8.03
12.06
25.01
2.06
38.04
17.07
45.08
32.03
11.03
47.00
30.07
7.05
28.01
36.03
45.00
43.07
14.06
31.04
32.01
19.00
12.06
43.05
18.07
24.05
31.03
28.08
37.03
27.00
24.06
10.06
41.07
46.06
12.08
38.06
8.03
23.07
2.06
45.03
23.06
35.06
30.04
44.01
48.00
28.08
29.01
46.07
19.02
15.03
26.02
2.00
1.08
12.05
19.00
19.07
17.03
6.07
28.03
29.08
17.02
22.00
46.04
10.04
5.02
42.05
17.08
10.08
26.05
26.08
34.02
32.07
6.03
37.05
27.00
42.03
19.03
13.07
42.04
3.08
17.02
42.04
31.08
50.06
24.01
44.05
24.01
4.08
23.00
30.07
22.05
30.00
36.05
8.01
10.03
29.05
38.04
47.03
15.02
17.05
15.05
4.07
10.02
32.01
34.03
28.05
1.02
38.04
18.05
50.04
6.07
22.04
5.03
9.06
14.03
34.01
23.07
8.04
3.04
50.05
49.03
40.08
37.08
13.03
38.08
10.08
3.03
31.03
6.01
25.06
11.06
4.08
7.07
30.07
5.03
2.07
22.00
46.02
43.05
9.04
28.03
30.08
35.05
33.04
7.02
36.04
1.03
5.00
21.04
40.03
33.00
10.04
7.05
19.02
45.01
14.00
2.06
50.06
1.05
18.00
34.05
46.03
36.06
2.02
22.02
29.05
32.04
43.08
46.02
31.08
42.02
28.04
15.07
48.02
13.08
41.08
41.01
13.06
7.02
33.00
18.02
4.02
44.00
21.01
17.02
46.04
45.07
13.07
30.05
49.03
32.02
34.03
25.07
30.06
49.06
16.06
29.02
29.06
44.08
1.04
25.08
38.04
44.01
26.04
35.07
29.04
28.01
41.03
50.07
29.06
29.08
25.08
42.05
39.01
12.01
16.05
33.05
14.06
20.07
3.01
17.04
31.06
24.04
8.00
33.06
26.00
41.05
18.04
1.05
38.08
30.08
3.01
16.03
24.00
37.03
2.02
30.02
9.00
5.08
23.08
36.08
35.00
23.08
33.01
49.01
10.03
5.08
13.06
5.03
19.02
24.06
31.00
4.07
22.07
40.05
16.02
44.02
19.08
11.08
32.04
11.06
13.06
22.07
10.00
26.02
39.01
12.00
21.04
18.03
23.08
33.08
6.07
15.06
45.05
20.08
32.05
9.02
33.01
36.07
20.02
11.03
45.08
32.02
29.06
7.02
15.04
50.05
9.01
34.06
35.01
27.03
18.07
10.01
7.08
28.07
43.02
35.07
38.03
10.00
31.00
22.05
22.05
7.00
50.07
33.01
11.02
39.05
9.07
28.06
13.06
40.01
25.07
20.06
1.08
48.07
13.04
19.05
32.03
28.04
1.08
10.02
2.01
28.04
50.07
14.01
49.04
43.04
40.02
15.08
14.01
13.05
9.00
12.02
10.03
8.03
44.04
41.02
25.06
30.08
23.03
25.03
50.02
17.00
26.00
34.04
46.08
20.01
18.04
32.08
30.08
48.08
10.04
1.00
14.03
46.00
25.07
13.04
27.03
19.07
1.02
7.00
46.01
9.08
31.07
9.03
49.01
12.02
35.06
11.07
33.01
27.01
15.08
48.03
7.06
9.00
14.02
25.00
41.01
19.02
40.06
10.01
24.07
23.04
40.03
32.05
19.03
43.07
4.01
50.00
18.02
1.08
42.01
28.03
38.04
26.03
38.07
18.03
1.03
21.01
34.08
7.01
31.08
17.08
28.02
12.06
43.00
17.03
30.02
40.01
26.06
28.01
30.08
28.05
27.04
16.00
17.05
50.05
31.07
21.02
10.04
25.00
3.06
35.01
15.03
7.02
14.01
12.02
26.04
37.04
11.06
30.03
4.00
14.03
38.06
9.05
26.06
21.07
39.00
34.05
33.02
45.00
11.02
41.05
42.08
41.08
27.01
17.05
20.07
1.00
13.08
47.08
49.05
1.08
9.07
32.08
40.02
13.05
11.00
27.06
34.01
9.02
12.05
36.02
15.08
13.04
15.07
37.01
33.02
7.03
43.02
29.03
1.03
48.08
37.03
39.00
45.07
33.01
11.00
17.08
37.06
20.01
11.02
16.04
14.05
40.00
46.01
24.08
38.03
25.05
18.07
26.03
3.07
39.01
24.02
9.04
14.02
49.00
19.05
19.06
22.03
35.07
10.05
14.03
37.03
47.05
6.02
27.06
32.07
40.00
18.00
7.02
38.07
8.02
12.01
34.08
26.04
38.01
3.02
2.02
8.08
25.01
17.06
6.08
19.07
45.02
24.00
50.05
50.04
49.08
33.06
18.02
18.04
49.06
7.08
35.05
30.04
7.04
38.07
30.08
49.06
8.00
28.06
40.04
13.05
17.07
49.03
45.03
40.08
10.02
21.06
37.03
43.07
41.02
2.02
11.00
25.04
23.05
26.00
39.02
38.02
20.05
26.02
41.04
3.00
13.05
45.06
41.07
19.08
40.08
43.01
9.08
18.02
45.06
29.07
21.04
46.01
21.04
45.03
48.04
11.01
44.02
33.03
28.02
37.01
31.06
19.01
22.07
22.04
36.02
22.08
41.06
20.08
12.08
48.00
1.03
15.03
37.04
33.02
40.03
6.01
1.03
22.05
27.07
36.03
16.04
41.01
31.02
23.07
44.05
13.00
49.01
24.06
21.01
4.02
1.02
5.06
4.05
45.01
4.07
48.08
20.06
19.01
33.06
7.05
41.00
50.07
46.02
4.06
8.01
10.01
49.00
9.00
21.00
6.06
32.07
44.06
39.04
1.07
12.04
2.00
12.00
37.08
48.07
4.05
14.05
28.08
8.04
16.02
10.01
23.04
27.06
20.02
34.02
34.00
23.06
4.07
11.06
29.08
9.08
25.00
22.03
29.07
40.06
45.05
41.04
31.06
49.06
37.05
44.00
11.06
13.03
22.07
24.05
11.04
43.00
28.02
13.08
12.03
2.04
9.05
34.07
19.06
17.06
31.01
1.00
3.04
47.03
6.06
20.00
24.04
16.03
40.07
29.06
26.01
40.03
5.05
19.08
43.08
32.04
45.03
22.02
11.02
33.05
47.03
21.07
22.06
31.08
5.00
48.00
34.01
33.05
21.08
1.01
15.06
47.02
11.04
44.04
44.00
36.01
7.02
1.08
13.07
33.08
10.01
50.00
14.01
24.04
45.01
22.05
9.05
49.03
3.00
44.05
34.06
9.07
11.02
41.01
36.03
18.06
40.07
6.03
4.07
43.00
32.00
28.01
46.05
26.08
43.08
5.07
3.03
1.07
9.07
12.03
32.03
13.05
41.05
13.01
38.01
41.03
18.03
29.05
36.06
14.06
26.00
17.04
21.06
35.04
27.08
20.07
41.00
14.00
31.00
23.02
17.00
42.02
11.06
10.07
35.05
7.01
46.08
49.00
47.04
2.07
49.02
17.04
16.04
36.02
49.03
2.00
7.03
48.08
34.00
49.03
9.04
46.05
49.05
6.05
9.07
48.02
33.05
15.08
7.05
13.05
2.02
5.05
