?column?
37.01
12
4.08
15.04
9.02
39.03
28
11.01
6.01
14.07
1.01
38.08
46.08
32.02
23.08
5
36.04
7.07
48.06
41.06
4.07
9.08
49.04
22.03
50.08
11.03
16.08
10.06
20.05
49.01
24.06
36
50.02
19
24.07
25.07
13.02
18.04
17.04
22.04
23.08
8.03
31.05
45.03
1
44.06
17.08
17.05
14.08
46.02
50.07
37.04
37.01
28.02
15.06
18.06
29.07
19.07
16.08
30.04
17.04
36.08
27.05
6.02
18.01
50.02
19.02
48.02
41.07
46.02
47
25.06
30.06
20.02
40.03
38.06
49.02
7
24.07
28.07
14.08
42
15.07
36.08
41.04
16
50.08
17.03
46.01
32.06
29.02
18.08
2.08
32.05
40.02
19.02
4
34.04
19.01
33.05
35.03
35.06
9.05
41.04
29.02
15.01
23.04
24.07
4.08
10.08
6.08
13.06
48.02
11
1.01
38.02
36
19.02
27.06
14.07
12.06
23.05
48
14.03
40.02
35.01
31.07
47
1.03
35.02
45.01
26.03
48.01
41.04
26.05
15.07
33.05
4.07
18.02
40.02
3.08
3.04
25.06
36
20.05
33.01
6.03
36.06
24.03
27.03
19.08
4.04
15.05
37.01
45.02
36.07
45.05
28.05
23.08
12.02
8.04
10.07
9
18.03
37.06
3.04
6.03
9.06
14.02
19
4.08
45
9
29.02
9.01
37.07
23.06
37.08
15
45.08
44.04
6
48.04
35.03
17.06
37
6.07
4.04
49.01
35
38.05
6.02
30.02
45.06
12.06
17.08
7
26.04
15.01
23.08
18.08
43.07
12.07
33.06
45.01
46.05
3.03
20.04
3.05
37.02
33.01
27.03
12.05
24.07
37.01
47.08
20
12
18.05
49.06
19.04
9.05
33.03
39.02
34.02
27.08
38.08
12
14.08
3.02
12.08
14.06
25.05
6.03
12.02
7.06
48.07
23.01
29.07
12.06
25.04
24.01
49.03
49.04
45
43.03
25.08
10.08
20.08
36.03
47.01
9.06
17.02
18.08
18.07
42.03
48.01
1.03
26.02
19.03
32.06
35.02
18.02
7.08
28.06
38.08
11.02
3
30
19.04
44.03
9.05
35
48
42.03
26.01
37.06
37.01
48.06
48.08
3.05
28.01
16.01
38.05
34.02
10.07
22.02
32.04
26
19
10.07
34.02
50.03
23.07
10.04
3.07
16.08
6.06
13.07
40.07
26.02
10.07
4
50.01
29.04
50.02
8
43.08
35.01
23.03
12.05
30.06
5.06
15.07
46.05
48.08
41.07
50.03
21.08
29.08
20.04
29.06
20
35.08
9.07
29.04
7.02
42.08
33.03
4
46.01
28.03
37.08
37.04
20.01
4.07
28.05
8.04
5.02
50.07
42
8.07
22.04
39.08
20
43.01
46.05
9.05
2.06
32.05
23.02
4.03
1.01
46.08
4.03
43
44.07
26.04
33.07
24.08
33.06
13.03
13.07
9.03
47
16.04
14.01
14.04
1
11.02
48.06
43.06
37
44.01
22
42.04
24.04
18.06
10.03
30.01
50.08
32.01
13.03
46.07
13.01
3.08
38.05
15.06
9.05
23.01
26.07
37
10.07
42.01
47.05
37.08
29.02
40.08
13.03
17.02
47.07
19.07
47.03
16.06
31.02
36.02
47.05
37.06
20.07
18.08
29
16.05
23.04
26.04
9.01
35.03
8.08
40.08
50.01
19
41.07
44.02
24.04
14
23
26.01
7.04
33.05
33.05
16.07
23.07
37.04
18.04
1.05
39
7
16.05
37.07
35.02
10.06
39.01
47.05
39.03
13.02
39.07
17.03
1.08
8.06
19.08
30.08
44.06
10.01
17.07
3
23.03
22.03
11.05
14.01
27.01
27.08
33.07
48.06
11.02
7.05
33.07
46.03
27
47.07
8
26.07
4.06
47.04
31.05
46.08
5.03
32.04
17.07
27.06
39.01
44.08
15.05
46.04
8.04
7.05
17.04
2.07
19.03
4.04
39.03
33.04
24.07
7.07
27.04
3.04
10.03
9.04
49.06
5.06
8.04
41.07
39.04
36.04
40.07
42.02
25.08
36.02
28.01
26.07
13.04
5.06
13.01
8.06
9.07
22.02
32.08
7.02
15.07
41.01
50
18.02
6.01
30.06
30.02
46.01
43.08
41.08
46.05
46.08
22.07
5.04
35.08
1
17.02
15.02
29.03
12
49.01
34.08
43.02
21.04
29.06
48.06
17.06
1.07
24.03
20
39.05
20
13.06
48.07
14.05
11.01
27.06
20.02
42.01
11.08
9.05
39.06
34.02
17.08
36.08
45.01
21.06
33.03
19.01
37.03
34.02
16.08
40.06
29.07
12.06
14.03
48.07
26.02
32.06
5
24.08
42.03
35.03
35.06
27.03
32.02
32.06
30.08
40.03
11.03
33.04
16.02
46.05
31.03
2.02
23.08
15.07
18.02
44.06
28.04
8.02
30.01
7.06
29.08
48.07
22.04
35.01
6.07
6.04
38.01
7.03
12.01
20.05
19.06
3
44.07
35
27.01
1.03
23.05
22.01
38.05
41.07
26.01
17.01
8.06
8.03
26
39.01
35.08
45.08
36
26.02
6.01
22.01
18.01
21.05
21.08
6.03
48.05
31.01
14.03
21.02
11.08
36.06
1.08
22.04
14.03
35
22.01
24.03
11.04
50.05
35.01
36.02
18
24.01
26.02
15.01
10.02
10.07
48.01
7.04
1.01
25.04
16.01
28.01
28.05
46
44.04
14.07
42
2.06
33.03
39.08
10.05
37
3.08
46.06
2.07
43.03
14.01
17.07
21.06
36.07
37.04
37.03
39.04
31.08
2.06
28.03
44
24.05
44.04
31.03
1.07
42.01
7.01
39.01
14
4.04
12.08
32.02
27
31.03
35.06
25.05
29.08
19.02
20
21.02
49.05
29.08
49
47
35.08
28.04
28.08
48.02
23.05
22
49.01
42
49.03
15.08
8.05
9.05
28.07
3.04
17.02
39.08
16
27.07
16.08
37
37.06
24.01
49.01
1.04
1.05
44.05
11.05
28.03
5.08
22
22.02
47.08
24.04
27
19.08
5.03
10.07
15.03
6.07
19.08
4.06
42.02
42.02
8.01
10.07
47.07
48.08
23.01
41.02
27
37.02
25.06
28.07
17.03
24.02
50.03
37.01
39.01
20.07
45.02
17.07
7.02
27.07
16.06
32.07
49.04
38.05
3
40.03
2.02
36.05
16.05
9.05
39.06
2.03
4.07
38.06
50.04
23.07
46.07
5.08
28.03
34.07
12.06
29.01
27.07
38.08
14.02
49.07
40.08
6.03
46.03
20.08
12.01
49.03
16.05
4.03
29
9.05
47.03
6.04
25.08
12.01
37.04
20.08
49.02
7.04
34
26.02
13.06
39.05
5.08
3.01
46.08
29.02
13.01
29.02
50.06
1.06
38.07
35.05
18.01
34.06
34
22.04
40.04
33.08
35.07
24
19.08
17
49.05
28.06
13.01
35.05
50.08
9.01
50.07
30.03
24.04
4.03
19.04
20.07
26
11.03
12.04
31.03
11.05
17.06
9.07
45
31.06
26.03
34.04
12.05
50.02
34.06
46
47.04
1.03
44
9.06
3.06
34.01
29.03
6.07
1.05
18.08
25.01
42.04
23.02
38.07
6.07
11.06
11.06
43
36.02
46
32.05
45.01
23.08
19.07
33.03
38.02
48.02
28.05
2.03
30.05
39.04
47.02
34.08
22.01
44.03
19.02
12.06
26.08
50.04
31.06
22.03
6.02
1.03
16.08
30.05
21.04
9.06
23.07
24.02
50.06
39.07
49.04
18
45.02
18.02
44.03
13.04
35.07
47.01
36.03
3
47.04
44.07
34.07
30.07
31.05
45.01
48.05
11.03
32.03
21.04
45.04
6.05
49.03
46.04
15
48.01
36.03
17.02
36.02
46.08
24.06
20.07
39.07
4.02
30.01
27.07
23
24
33.05
40.02
21
40.04
49.07
40
28.03
23.02
33.02
33.02
45
24.02
18.05
26.03
26
11.06
2
23.01
9.03
2
38.08
39.06
15.05
48.04
6
1
27
8
20.05
30.01
8.05
43.07
4.08
15.02
10.04
30.07
28.06
22.06
9.03
25
29.04
41.07
