atan2
1.5326006266420926
1.5399489720257475
1.521787981852361
1.373400766945016
1.5440527044892287
1.5468474181074854
1.4994888620096063
1.4535586497893451
1.537582738840793
1.3676382490938548
1.5408053219380187
1.5227381211804107
1.1071487177940904
1.3117505963057567
1.0873493252276976
1.5326666679328609
1.5476186598854516
1.5256097150874242
1.5326666679328609
1.5347405307763466
1.5439606653128817
1.5449484262448685
0.7610127542247298
1.54896306200621
1.5102820671094026
1.5431717769028943
1.521787981852361
1.5463825737543815
1.53340635299068
1.5145399588674457
1.5422326689561365
1.4288992721907328
1.5300189433141729
1.5468474181074854
1.5273454314033659
1.5319696951979302
1.4513674007765582
1.4427507446675711
1.506510032684243
1.512040504079174
1.528737810388186
1.5495750231999128
1.5235587660058885
1.5315856650804873
1.4007867640898184
1.5437758776076318
1.5431717769028943
1.5446484414780945
1.53614353733309
1.5471643633866219
1.5413603871289339
1.545563588074403
1.549097605279159
1.538619935684058
1.5413603871289339
1.5475396511060615
1.517163599805139
1.550399155976495
1.5485777614681775
1.5437758776076318
1.5424705716018838
1.5322968410068152
1.5421555120345423
1.4233038070068988
1.318771391560258
0.7754974968094597
1.5480343012391762
1.5466149946244017
1.5395564933646284
1.5429656765484416
1.546039481108477
1.5483001225170128
1.5260436190338482
1.5464829369897235
1.5449484262448685
1.5351447725827274
1.5476893290944769
1.544392208215242
1.5336705361881886
1.540519867016251
1.5423829228841461
1.4973572101604042
1.5161140527111965
1.5342608676694895
1.5208379310729538
1.529619614591045
1.54627743184501
1.5453256458306497
1.5335721501136776
1.0834377472897063
1.2490457723982544
1.5385494443596428
1.5423829228841461
1.2430578200143412
1.5454359113914593
1.5330365052943942
1.5477569259452104
1.5198879705445936
1.5083775167989393
1.512040504079174
1.54919968508684
1.5280224323588347
1.545160918273219
1.2430578200143412
1.4513674007765582
1.512040504079174
1.5469913006098266
1.5438797521268386
1.5482469580058627
1.545685327073355
1.5304182850499397
1.5308176396716067
1.3638041325750756
1.4995836173037749
1.5386861550983961
1.3991682584140166
1.5495229407708355
1.4792348743929664
0.770620913989956
1.5444866095419745
1.5022372794838905
1.5291537476963082
1.5183444815590055
1.5475447039844337
1.4651906769714966
1.5396299512088758
1.4860001522716937
1.5453256458306497
1.5480343012391762
1.5479114338223858
1.5432357395599863
1.5479742029600703
1.4940244355251187
1.5227381211804107
1.550798992821746
1.5445523536002603
1.5071324781457072
1.466179669162377
1.5486722776396131
1.542425562746422
1.5477569259452104
0.7657928325402436
1.549097605279159
1.527074208193309
1.5453256458306497
1.4711276743037347
1.3070844923326306
1.3258176636680326
1.5323537367737086
1.5176884178522405
0.7515946197039932
1.5479742029600703
1.535810607966371
1.5472451265009626
1.521787981852361
1.539336121858559
1.4546546999149064
1.2370941502573463
1.5434347359333513
1.5473122728125717
1.5336705361881886
1.5058876371014631
1.5478458117349334
1.5439606653128817
1.5300189433141729
1.534811866712845
1.534811866712845
0.7610127542247298
1.5491330496056772
1.467168866798025
1.5383834400841163
1.3695575883260516
0.7657928325402436
1.5413930385908916
1.4973572101604042
1.5292817313137064
1.5441359784202986
1.4783334584303074
1.5449484262448685
1.513082713185931
1.5456796585003094
1.5077549730094755
1.0952208540775192
1.5308176396716067
1.323466110095472
1.5416617158526504
1.5470798441785651
1.5438028849266088
1.1071487177940904
1.4747293154924848
0.7657928325402436
1.514743992492854
1.4765310799290063
1.546039481108477
1.5383077622568804
1.5497994129783337
1.5434347359333513
1.5244658685367825
1.5354776863584079
1.5467533416225843
1.5322968410068152
1.3580645461032863
1.460139105621001
1.5304182850499397
1.4390636610036975
1.4546546999149064
1.544802183086435
1.4938059518056324
1.5487165822311701
1.53340635299068
1.5413930385908916
1.5308176396716067
1.5296656903140058
1.463213316401934
1.5291537476963082
1.4177176295981941
1.5326666679328609
1.5497994129783337
1.537260517378108
1.5462557998447088
1.5249194485095612
1.5453018517644899
1.541947190052627
1.5444866095419745
1.517163599805139
1.5447046882649376
1.54919968508684
1.5386861550983961
1.5427481287403033
1.5491330496056772
1.5435058065928187
1.4427507446675711
1.472928176499264
1.5458015331759765
1.5389321153848499
1.5308176396716067
1.5335721501136776
1.5240123076404264
1.5501992399918527
1.546150155522491
0.7804230800665942
1.5279059795970102
1.3638041325750756
1.4452107529585185
1.5251758281667256
1.5073521765987175
1.48517285495184
1.0834377472897063
1.5264775398436061
1.5304182850499397
1.53799559516397
1.5383834400841163
1.5240123076404264
1.460139105621001
1.5429088216936881
1.2460487783742569
1.5356384061613317
1.5385494443596428
1.498778238303023
1.534383856615115
1.5392916027328158
1.541915470463952
1.5273454314033659
1.511421752733381
1.5251758281667256
1.5495495244962725
1.5262424973215092
1.5408053219380187
1.473828667105242
1.5485777614681775
1.463213316401934
1.5370591324972631
1.5161140527111965
1.4701376736371674
1.5315856650804873
1.5315572188640407
1.4415213227467536
1.5413930385908916
1.426100399051437
1.542425562746422
1.54896306200621
1.550187000291021
1.54490467817528
1.4940244355251187
1.546410917622178
1.5002469401359697
1.5232132235179132
1.5380807310121998
1.3991682584140166
1.5473915104282137
1.5249194485095612
1.5483001225170128
1.5194130246562914
1.5389321153848499
1.309416088284707
1.5326006266420926
1.4439805559170966
1.5337762109209665
1.5455516908941187
1.53614353733309
1.5300496614488597
1.5251758281667256
1.521787981852361
1.5308176396716067
1.5300496614488597
1.466179669162377
1.5284217077645146
1.5398970734729334
1.5416154231855037
1.542645870342013
1.5383834400841163
1.4952262267087988
1.5389888759997334
1.5495495244962725
1.5308176396716067
1.5264775398436061
1.427499553048861
1.545192167296677
1.2430578200143412
1.3975506603425316
1.5487165822311701
1.5319696951979302
1.5458015331759765
1.5487165822311701
1.5292817313137064
1.1071487177940904
1.5244658685367825
1.473828667105242
1.5476186598854516
1.463213316401934
1.5291537476963082
1.53340635299068
1.5264775398436061
1.5478458117349334
1.4177176295981941
1.5339165045162813
1.4818648514898858
1.5483556500311166
1.519341784768914
1.5108681716736887
1.5374753309166493
1.5342608676694895
1.4546546999149064
1.540234417030031
0.7754974968094597
1.5194130246562914
1.515589324237323
1.5213129452876542
1.5497790138198426
1.5182132651839548
1.54490467817528
1.4932597747718526
1.5445523536002603
1.5359717018569414
1.549371034346362
1.5487165822311701
1.4765310799290063
1.5386861550983961
1.5445523536002603
1.318771391560258
1.1071487177940904
1.488673748657384
1.4024061696473666
1.496646807136276
1.5262424973215092
1.5439606653128817
1.5471643633866219
1.4247018153309792
1.5342608676694895
1.5264775398436061
1.5015737718014088
1.4894378511993758
1.517163599805139
1.5486722776396131
1.3676382490938548
1.5141901978559291
1.550187000291021
1.487909742214422
1.3117505963057567
1.549983006189197
1.5392916027328158
1.5439606653128817
1.5432357395599863
1.53614353733309
0.7469555733762603
1.477432193133648
1.548133540808559
1.0912770348023004
1.5269114773542678
1.5141901978559291
1.5188431202339827
1.5386861550983961
1.54627743184501
1.521744795792157
1.5119753702292043
1.5469913006098266
1.5497994129783337
1.5480343012391762
0.7804230800665942
1.549097605279159
1.5326006266420926
1.5392916027328158
1.5150646261939944
1.5347405307763466
1.5453018517644899
1.514743992492854
0.7754974968094597
1.5405025668761214
1.5300496614488597
1.537260517378108
1.5176884178522405
1.541915470463952
1.5434347359333513
1.5015737718014088
1.5480343012391762
1.5330365052943942
1.4024061696473666
0.7610127542247298
1.5389888759997334
1.4792348743929664
1.5221982585264233
1.3695575883260516
1.5326666679328609
1.5183444815590055
1.3599761802884793
1.5399489720257475
1.511421752733381
1.5476186598854516
1.3599761802884793
1.5503909961083586
1.503398563076657
1.488673748657384
1.5491670472761436
1.5173472827725654
1.5416154231855037
1.535810607966371
1.4691478709114179
0.7804230800665942
1.543697698748776
1.545563588074403
1.513082713185931
1.4959364790841299
1.5247419584341062
1.54490467817528
1.488673748657384
1.5413603871289339
1.5503909961083586
1.5249194485095612
1.531927024616975
1.5330365052943942
1.548133540808559
1.5437758776076318
1.5073521765987175
1.5284217077645146
1.4288992721907328
1.504642997476319
1.36572042641215
1.5311874238486962
1.5161140527111965
1.54896306200621
1.517163599805139
1.5203629394210305
1.3258176636680326
1.488673748657384
1.5499660067586796
1.4546546999149064
1.5173472827725654
1.36572042641215
1.5467100766439783
1.3211173457565888
1.5208379310729538
1.5300496614488597
1.520339190434523
1.5480343012391762
1.457944522458014
1.542425562746422
1.4535586497893451
1.5283218876407099
1.5503909961083586
1.5405025668761214
1.4524628825696142
1.5410907817489408
1.5370591324972631
1.5438797521268386
1.5260436190338482
1.5469913006098266
1.515589324237323
1.5140153225438104
1.5145399588674457
1.5247419584341062
1.5183444815590055
1.53614353733309
1.419113285408314
1.5330365052943942
1.517163599805139
1.5450877064716075
1.4995836173037749
1.5284217077645146
1.5042281630190728
1.5288209966895392
1.455751030421433
1.3599761802884793
1.5284217077645146
1.5472451265009626
1.5392916027328158
1.534811866712845
1.5389888759997334
1.5401998173693117
0.7853981633974483
1.5470230286791102
1.5354776863584079
1.5315856650804873
1.5015737718014088
1.511421752733381
1.5481914821301588
1.503398563076657
1.4938059518056324
1.4711276743037347
1.4701376736371674
1.2400729324549506
1.2281947728327063
1.4938059518056324
1.5339165045162813
1.5501992399918527
1.5484087634349921
1.522651741263611
1.5464829369897235
1.543697698748776
1.463213316401934
1.4765310799290063
1.503398563076657
1.5434347359333513
1.54919968508684
1.5322968410068152
1.5499660067586796
1.5364764743850292
1.541376246402619
1.5168487231527341
1.477432193133648
1.5462557998447088
1.4938059518056324
1.3140879963615109
1.5335721501136776
1.5288209966895392
1.5058876371014631
1.5437758776076318
1.5273454314033659
1.54627743184501
1.5221982585264233
1.5266583451194142
1.550798992821746
1.5002469401359697
1.4860001522716937
1.5453256458306497
1.5322968410068152
1.4940244355251187
1.5279059795970102
1.5459177399537947
1.5398970734729334
1.5443025273908184
1.5462557998447088
1.5437758776076318
1.5416617158526504
1.466179669162377
1.460139105621001
1.521744795792157
1.4007867640898184
1.5475447039844337
1.5456796585003094
1.3580645461032863
1.477432193133648
1.5438797521268386
1.547821646531555
1.5435058065928187
1.4952262267087988
1.5374753309166493
1.5495995019813738
1.5491330496056772
1.4701376736371674
1.5392916027328158
1.5231052438185164
1.5467533416225843
1.5322440094465581
1.5173472827725654
1.473828667105242
1.373400766945016
1.5431717769028943
1.5383077622568804
1.0873493252276976
1.54490467817528
1.3714784317504582
1.5102820671094026
1.5479742029600703
1.5326666679328609
1.5359828118471774
1.5408053219380187
1.503398563076657
1.5085240047492574
1.546039481108477
1.5362938950544587
1.5335721501136776
1.54746722664671
1.3975506603425316
1.53614353733309
1.54616716164458
1.540234417030031
1.5351447725827274
1.5079380690665798
1.53340635299068
1.3140879963615109
1.4524628825696142
1.5478458117349334
1.5430256902014756
1.54627743184501
1.4995836173037749
1.5304336446056173
1.5470798441785651
1.4568476387800715
1.5213129452876542
1.5350972141155725
1.5486260468540851
1.488673748657384
1.5362938950544587
1.3638041325750756
1.522651741263611
1.5292202990072707
1.5443025273908184
1.3258176636680326
1.5335721501136776
1.53799559516397
1.4452107529585185
1.5232132235179132
1.4980676874512306
1.513636437974849
1.2490457723982544
1.5479742029600703
1.5322440094465581
1.373400766945016
1.5359717018569414
1.4691478709114179
1.54919968508684
1.5079380690665798
1.5279059795970102
1.5260436190338482
1.467168866798025
0.7853981633974483
1.4205095369593754
1.5429656765484416
1.5438797521268386
1.5329572535577582
1.496646807136276
1.5371423712503707
1.5178458689899148
1.5468009332030268
1.5458015331759765
1.404026467336623
1.5140153225438104
1.5453256458306497
1.5374753309166493
1.395933977570276
1.5125290238253633
1.5363272257953886
1.5479114338223858
1.4765310799290063
1.5311874238486962
1.5473122728125717
1.5222630405542434
1.534811866712845
1.392703388563699
1.5497577647150174
1.5385494443596428
1.5469372187840769
1.5347405307763466
1.549983006189197
1.5040207543855513
1.5145399588674457
1.527490086400187
1.5470798441785651
1.5462557998447088
1.5437758776076318
1.5444609533857854
1.5096960041685221
1.5466149946244017
1.4994888620096063
1.5459234085943199
1.538619935684058
1.5495995019813738
1.3638041325750756
1.5308176396716067
1.5455516908941187
1.5447046882649376
1.5198879705445936
1.5231052438185164
1.3258176636680326
1.5273454314033659
0.7610127542247298
1.2252407462131845
1.540234417030031
1.5464829369897235
1.5119753702292043
1.5422326689561365
1.517163599805139
1.48517285495184
1.527490086400187
1.4924952048621027
1.539336121858559
1.5108681716736887
1.4894378511993758
1.5422326689561365
1.5416379265497528
1.48517285495184
1.463213316401934
1.5479742029600703
1.5326006266420926
1.545192167296677
1.4940244355251187
1.54616716164458
1.5208379310729538
1.0873493252276976
1.5308176396716067
1.529619614591045
1.5493102720530856
1.5456796585003094
1.45904167891853
1.5300496614488597
1.5427481287403033
1.361889379812262
1.4177176295981941
1.4994888620096063
1.5431110945910536
1.5405114713577468
1.5405025668761214
1.5495995019813738
1.5052652918735165
0.7469555733762603
1.5071324781457072
1.4701376736371674
1.5395564933646284
1.5249194485095612
1.5279059795970102
1.4415213227467536
1.5326006266420926
1.419113285408314
1.5396299512088758
1.5354776863584079
1.5383834400841163
1.099180758932569
1.5342608676694895
1.504642997476319
1.5473915104282137
1.2430578200143412
1.5383834400841163
1.4860001522716937
1.5430256902014756
1.4980676874512306
1.527074208193309
1.5322968410068152
1.5176884178522405
1.309416088284707
1.0952208540775192
1.5495995019813738
1.5408053219380187
1.5427481287403033
1.5232132235179132
1.4681582680059804
1.549097605279159
1.5322440094465581
1.5449484262448685
1.4205095369593754
1.500910325160254
1.5383834400841163
1.5389888759997334
1.5359828118471774
1.4427507446675711
1.2370941502573463
1.542695617597487
1.503564475669062
1.541947190052627
1.5436235293684326
1.548133540808559
1.5371423712503707
1.4973572101604042
1.5450877064716075
1.472928176499264
1.5335721501136776
1.543697698748776
0.7853981633974483
1.5276231705991128
0.7610127542247298
1.5247419584341062
1.392703388563699
1.5292817313137064
1.4938059518056324
1.5431110945910536
1.5434347359333513
1.542645870342013
1.4513674007765582
1.5438797521268386
1.48517285495184
1.543697698748776
1.5437758776076318
1.4546546999149064
1.5447046882649376
1.5469913006098266
1.5480343012391762
1.544802183086435
1.4568476387800715
1.5152978215491797
1.4177176295981941
1.5288209966895392
1.5363272257953886
1.53799559516397
1.5168487231527341
1.5427481287403033
0.7610127542247298
1.5467533416225843
1.5258266649425691
1.2400729324549506
1.5203629394210305
1.361889379812262
1.5481914821301588
1.361889379812262
1.5336705361881886
1.5058876371014631
1.5408053219380187
1.54896306200621
1.5459177399537947
1.5312016465341345
1.5198879705445936
1.5364764743850292
1.5493995926788904
1.5152978215491797
1.5453256458306497
1.5315572188640407
1.4378354282201238
1.546039481108477
1.4056476493802699
1.099180758932569
1.2311550373201143
1.5329572535577582
1.4835186138454353
1.0952208540775192
1.466179669162377
1.5491330496056772
1.4924952048621027
1.5364764743850292
1.5389888759997334
1.5416379265497528
1.5467533416225843
1.4945160507146604
1.5476893290944769
1.5481914821301588
1.549371034346362
1.5161140527111965
1.5390422979422114
1.5399489720257475
1.531927024616975
1.5284217077645146
1.4945160507146604
1.5152978215491797
1.54188546550114
1.5395943352423243
1.3070844923326306
1.4940244355251187
1.4994888620096063
1.3695575883260516
1.5336705361881886
1.5458015331759765
1.361889379812262
1.0834377472897063
1.5040207543855513
1.545685327073355
1.5198879705445936
1.5350972141155725
1.5480343012391762
1.5433673101786491
1.548924814969896
1.5238742711823248
1.5486260468540851
1.1031567230316675
0.7853981633974483
1.5395943352423243
1.5354776863584079
1.5232132235179132
1.4940244355251187
1.5410907817489408
1.4792348743929664
1.541947190052627
1.5437758776076318
1.5329572535577582
1.5490606199531038
1.3580645461032863
1.53822720239826
1.5490606199531038
1.2341215074081695
1.404026467336623
1.534383856615115
1.5437758776076318
1.544392208215242
1.5279059795970102
1.5476893290944769
1.542695617597487
1.4288992721907328
1.2281947728327063
1.543697698748776
1.541915470463952
1.4902020489661156
1.4247018153309792
1.5476893290944769
1.5256097150874242
1.0952208540775192
1.392703388563699
0.7562801818904095
1.5481914821301588
1.5491330496056772
1.4415213227467536
1.5432357395599863
1.537371280223527
1.539336121858559
1.3580645461032863
1.5497790138198426
1.5194130246562914
1.500910325160254
1.5466149946244017
1.5469372187840769
1.5416154231855037
1.5346052394919603
1.4940244355251187
1.540234417030031
1.4177176295981941
1.5402176260090645
1.5315856650804873
1.5467533416225843
1.5315856650804873
1.455751030421433
1.5352940088192546
1.5337762109209665
1.5453256458306497
1.5459234085943199
1.4535586497893451
1.4651906769714966
1.5495995019813738
1.460139105621001
1.1031567230316675
1.5235587660058885
1.5198879705445936
1.0952208540775192
1.5308176396716067
1.5467100766439783
1.5395564933646284
1.5469372187840769
1.5464829369897235
1.5161140527111965
1.5485777614681775
1.5108681716736887
1.5363272257953886
1.546410917622178
1.5108681716736887
1.550187000291021
1.539923785942575
1.5490606199531038
1.5364764743850292
1.550399155976495
1.5283218876407099
1.5475447039844337
1.5194130246562914
1.5477569259452104
1.487909742214422
1.4843456751075226
1.5280224323588347
1.4452107529585185
1.5480729659532555
1.4233038070068988
1.4651906769714966
1.436607598842476
1.5119753702292043
1.542695617597487
1.4980676874512306
1.5288209966895392
1.5262424973215092
1.395933977570276
1.4843456751075226
1.5469913006098266
1.5467100766439783
1.5495495244962725
1.5423829228841461
1.54627743184501
1.5410907817489408
1.550187000291021
1.5176884178522405
1.4860001522716937
1.506510032684243
1.5483001225170128
0.7610127542247298
1.4535586497893451
1.4452107529585185
1.5465153853586786
1.51663881132928
1.5383834400841163
0.7853981633974483
