atan
1.2490457723982544
1.5422326689561365
1.5385494443596428
1.4288992721907328
1.5152978215491797
1.5405025668761214
0.7853981633974483
1.545160918273219
1.5485777614681775
1.5208379310729538
1.5182132651839548
1.5499660067586796
1.5385494443596428
1.5323537367737086
1.5350972141155725
1.5458015331759765
1.545160918273219
1.546410917622178
1.3258176636680326
1.5499660067586796
1.512040504079174
1.5475447039844337
1.5469913006098266
1.5374753309166493
1.5437758776076318
1.4801364395941514
1.4056476493802699
1.5395564933646284
1.5385494443596428
1.446441332248135
1.5350972141155725
1.5374753309166493
1.5182132651839548
1.5437758776076318
1.5350972141155725
1.5437758776076318
1.5469913006098266
1.5458015331759765
1.5395564933646284
1.5458015331759765
1.5323537367737086
1.512040504079174
1.5208379310729538
1.512040504079174
1.5350972141155725
1.5422326689561365
1.5308176396716067
1.4711276743037347
1.5291537476963082
1.5495229407708355
1.5291537476963082
1.5475447039844337
1.4994888620096063
1.550798992821746
1.5308176396716067
1.5182132651839548
1.5291537476963082
1.5208379310729538
1.5437758776076318
1.550798992821746
1.5232132235179132
1.4940244355251187
1.446441332248135
1.3258176636680326
1.546410917622178
1.4711276743037347
1.5323537367737086
1.5363272257953886
1.4711276743037347
1.5405025668761214
1.5458015331759765
1.4801364395941514
1.4056476493802699
1.5444866095419745
1.5485777614681775
1.5437758776076318
1.4940244355251187
1.5405025668761214
1.5273454314033659
1.5042281630190728
1.5499660067586796
1.5182132651839548
1.5308176396716067
1.4994888620096063
1.1071487177940904
1.5437758776076318
1.5337762109209665
1.5475447039844337
1.5499660067586796
1.5253730473733196
1.3258176636680326
1.3258176636680326
1.5413930385908916
1.5422326689561365
1.5291537476963082
1.5437758776076318
1.5337762109209665
1.5337762109209665
1.550798992821746
1.5430256902014756
1.5273454314033659
1.4056476493802699
1.5437758776076318
1.5485777614681775
0.7853981633974483
1.373400766945016
1.4711276743037347
1.5273454314033659
1.5469913006098266
1.4876550949064553
1.5437758776076318
1.5182132651839548
1.5385494443596428
1.545160918273219
1.4288992721907328
1.5395564933646284
1.5458015331759765
1.5499660067586796
1.5444866095419745
1.5413930385908916
1.5413930385908916
1.512040504079174
1.5083775167989393
1.373400766945016
1.5363272257953886
1.5485777614681775
1.5253730473733196
1.5413930385908916
1.4288992721907328
1.5503909961083586
1.5323537367737086
1.5490606199531038
1.5337762109209665
1.5422326689561365
1.5422326689561365
1.3258176636680326
1.373400766945016
1.4711276743037347
1.546410917622178
0.7853981633974483
1.5444866095419745
1.4876550949064553
1.4940244355251187
1.5475447039844337
1.5499660067586796
1.5182132651839548
1.4288992721907328
1.5503909961083586
1.5413930385908916
1.5337762109209665
1.545160918273219
1.373400766945016
1.5413930385908916
1.460139105621001
1.5395564933646284
1.4801364395941514
1.5485777614681775
1.5499660067586796
1.5413930385908916
1.5385494443596428
1.5422326689561365
1.5182132651839548
1.4711276743037347
1.4711276743037347
1.546410917622178
1.446441332248135
1.5152978215491797
1.5208379310729538
1.4940244355251187
1.5385494443596428
1.2490457723982544
1.5469913006098266
1.512040504079174
1.4711276743037347
1.5083775167989393
1.5337762109209665
1.5385494443596428
1.5337762109209665
1.550798992821746
1.4056476493802699
1.5405025668761214
1.5083775167989393
1.5469913006098266
1.5458015331759765
1.5291537476963082
1.5480729659532555
1.3258176636680326
1.5273454314033659
0.7853981633974483
1.4288992721907328
1.2490457723982544
1.5182132651839548
1.5503909961083586
1.5495229407708355
1.5273454314033659
1.5363272257953886
1.4288992721907328
1.5042281630190728
1.5499660067586796
1.5430256902014756
1.5083775167989393
1.5480729659532555
1.5475447039844337
1.5182132651839548
1.5291537476963082
1.5042281630190728
1.1071487177940904
1.3258176636680326
1.4711276743037347
1.5042281630190728
1.546410917622178
1.5232132235179132
1.5323537367737086
1.5083775167989393
1.460139105621001
1.4801364395941514
1.1071487177940904
1.5495229407708355
1.5208379310729538
1.5385494443596428
1.545160918273219
1.5469913006098266
1.5308176396716067
1.5152978215491797
1.5337762109209665
1.1071487177940904
1.5323537367737086
1.5495229407708355
1.5363272257953886
1.5430256902014756
1.5499660067586796
1.5308176396716067
1.5413930385908916
1.5413930385908916
1.512040504079174
1.5458015331759765
0.7853981633974483
1.5308176396716067
1.5182132651839548
1.5480729659532555
1.550798992821746
1.5430256902014756
1.5395564933646284
1.4940244355251187
1.5291537476963082
1.545160918273219
1.5363272257953886
1.373400766945016
1.5350972141155725
1.5430256902014756
1.5253730473733196
1.545160918273219
1.5273454314033659
1.5437758776076318
1.5469913006098266
1.5182132651839548
1.4940244355251187
1.5413930385908916
1.545160918273219
1.4994888620096063
1.5350972141155725
1.5042281630190728
1.5485777614681775
1.550798992821746
1.3258176636680326
1.1071487177940904
1.5253730473733196
1.545160918273219
1.5363272257953886
1.4288992721907328
1.5480729659532555
1.512040504079174
1.5422326689561365
1.446441332248135
1.1071487177940904
1.5253730473733196
1.5308176396716067
1.5437758776076318
1.5475447039844337
1.5083775167989393
1.545160918273219
1.5495229407708355
1.545160918273219
1.5363272257953886
1.5182132651839548
1.5042281630190728
1.5469913006098266
1.5385494443596428
1.5458015331759765
1.1071487177940904
1.5458015331759765
1.5363272257953886
1.5232132235179132
1.5413930385908916
1.1071487177940904
1.5495229407708355
1.5350972141155725
1.5437758776076318
1.5413930385908916
1.5495229407708355
1.373400766945016
1.5413930385908916
1.5495229407708355
1.5495229407708355
1.5495229407708355
1.5323537367737086
1.2490457723982544
1.5273454314033659
1.512040504079174
1.550798992821746
1.5495229407708355
1.545160918273219
1.460139105621001
1.5405025668761214
1.5422326689561365
1.5042281630190728
1.5458015331759765
1.1071487177940904
1.446441332248135
1.4876550949064553
0.7853981633974483
1.5208379310729538
1.5208379310729538
1.5308176396716067
1.4288992721907328
1.373400766945016
1.5430256902014756
1.5444866095419745
1.5475447039844337
1.5490606199531038
1.5480729659532555
1.4801364395941514
1.5385494443596428
1.5350972141155725
1.5385494443596428
1.460139105621001
1.5422326689561365
1.4711276743037347
1.5363272257953886
1.4876550949064553
1.5495229407708355
1.5363272257953886
1.5385494443596428
1.550798992821746
1.5405025668761214
1.5395564933646284
1.5503909961083586
1.4940244355251187
1.5363272257953886
1.5480729659532555
1.5374753309166493
1.5444866095419745
1.5395564933646284
1.3258176636680326
1.2490457723982544
1.5499660067586796
1.5083775167989393
1.5337762109209665
1.5083775167989393
1.4994888620096063
1.4288992721907328
1.5413930385908916
1.4994888620096063
1.4940244355251187
1.4994888620096063
1.5485777614681775
1.1071487177940904
1.5469913006098266
1.5042281630190728
0.7853981633974483
1.5480729659532555
1.5042281630190728
1.5232132235179132
1.5291537476963082
1.1071487177940904
1.5422326689561365
1.5308176396716067
1.5485777614681775
1.5083775167989393
1.5253730473733196
1.5395564933646284
1.5374753309166493
1.5413930385908916
1.5444866095419745
1.5422326689561365
1.5437758776076318
1.5469913006098266
1.4801364395941514
1.5422326689561365
1.5503909961083586
1.5208379310729538
1.5413930385908916
1.5469913006098266
1.5363272257953886
1.3258176636680326
1.446441332248135
1.546410917622178
1.5232132235179132
1.550798992821746
1.3258176636680326
1.5232132235179132
1.5273454314033659
1.3258176636680326
1.512040504079174
1.5152978215491797
1.5485777614681775
1.5437758776076318
1.5413930385908916
1.5337762109209665
1.5395564933646284
1.546410917622178
1.4711276743037347
0.7853981633974483
1.5337762109209665
1.5363272257953886
1.5374753309166493
1.4801364395941514
0.7853981633974483
1.4711276743037347
1.5363272257953886
1.373400766945016
1.2490457723982544
1.5475447039844337
1.446441332248135
1.5437758776076318
1.5273454314033659
1.5444866095419745
1.1071487177940904
1.5422326689561365
1.5422326689561365
1.5499660067586796
1.5374753309166493
1.3258176636680326
1.5273454314033659
1.446441332248135
1.4711276743037347
1.550798992821746
1.4711276743037347
1.5337762109209665
1.5208379310729538
1.2490457723982544
1.5490606199531038
1.5480729659532555
1.5350972141155725
1.5291537476963082
1.5495229407708355
1.5503909961083586
1.5323537367737086
1.5413930385908916
1.5395564933646284
1.5430256902014756
1.5232132235179132
1.5308176396716067
1.5350972141155725
1.5458015331759765
1.5232132235179132
1.5475447039844337
1.5495229407708355
1.5273454314033659
1.5422326689561365
1.5490606199531038
1.5503909961083586
1.5422326689561365
1.5182132651839548
1.5422326689561365
1.5405025668761214
1.5350972141155725
1.5350972141155725
1.4711276743037347
1.4994888620096063
1.5495229407708355
1.5405025668761214
1.5374753309166493
1.373400766945016
1.2490457723982544
1.5490606199531038
1.5405025668761214
1.5291537476963082
1.5350972141155725
1.5042281630190728
1.4994888620096063
1.4940244355251187
1.460139105621001
1.373400766945016
1.5475447039844337
1.5152978215491797
1.5350972141155725
1.550798992821746
1.5291537476963082
1.5374753309166493
1.1071487177940904
1.5232132235179132
1.546410917622178
1.5405025668761214
1.5337762109209665
1.5308176396716067
1.4288992721907328
1.1071487177940904
1.5495229407708355
1.5495229407708355
1.5444866095419745
1.546410917622178
1.5499660067586796
1.5374753309166493
1.546410917622178
1.3258176636680326
1.5480729659532555
1.5182132651839548
1.5490606199531038
1.1071487177940904
1.5350972141155725
1.4056476493802699
1.4711276743037347
1.4801364395941514
1.5469913006098266
1.5422326689561365
1.5208379310729538
1.4711276743037347
1.546410917622178
1.1071487177940904
1.5350972141155725
1.5444866095419745
1.5499660067586796
1.4876550949064553
1.5413930385908916
1.5273454314033659
1.5385494443596428
1.512040504079174
0.7853981633974483
0.7853981633974483
1.5469913006098266
1.5337762109209665
1.5422326689561365
1.4801364395941514
1.550798992821746
1.4801364395941514
1.4288992721907328
1.5208379310729538
1.5444866095419745
1.5350972141155725
1.545160918273219
1.5422326689561365
1.5308176396716067
1.550798992821746
1.5182132651839548
1.5490606199531038
1.5350972141155725
1.5437758776076318
1.5413930385908916
1.4056476493802699
1.5475447039844337
1.545160918273219
1.5469913006098266
1.5350972141155725
1.5152978215491797
1.546410917622178
1.5350972141155725
1.5495229407708355
1.5253730473733196
1.3258176636680326
1.373400766945016
1.5485777614681775
1.5291537476963082
1.4994888620096063
1.5430256902014756
1.4940244355251187
1.512040504079174
1.5413930385908916
1.1071487177940904
1.4056476493802699
1.4940244355251187
1.4801364395941514
1.545160918273219
1.5405025668761214
1.446441332248135
1.5437758776076318
1.545160918273219
1.5208379310729538
1.5083775167989393
1.3258176636680326
1.5323537367737086
1.5323537367737086
1.5291537476963082
1.5405025668761214
1.4994888620096063
1.1071487177940904
1.5485777614681775
1.5182132651839548
1.2490457723982544
1.5503909961083586
1.5273454314033659
1.5490606199531038
1.4056476493802699
1.5395564933646284
1.5350972141155725
1.5413930385908916
1.5374753309166493
1.5499660067586796
1.5475447039844337
1.4994888620096063
1.3258176636680326
1.5042281630190728
1.5444866095419745
1.5475447039844337
1.5395564933646284
1.5323537367737086
1.5499660067586796
1.373400766945016
1.5475447039844337
1.5323537367737086
1.5422326689561365
1.373400766945016
1.5469913006098266
1.5273454314033659
1.5273454314033659
1.4711276743037347
1.1071487177940904
1.5503909961083586
1.5503909961083586
1.5308176396716067
1.5337762109209665
1.1071487177940904
1.5485777614681775
1.4940244355251187
1.1071487177940904
1.5395564933646284
1.373400766945016
1.5430256902014756
1.2490457723982544
1.5422326689561365
1.5291537476963082
1.5374753309166493
1.5350972141155725
1.5499660067586796
1.5083775167989393
1.5485777614681775
1.5499660067586796
1.5405025668761214
1.5374753309166493
1.4288992721907328
1.5337762109209665
1.546410917622178
1.5422326689561365
1.5495229407708355
1.373400766945016
1.5291537476963082
1.1071487177940904
1.4801364395941514
1.5499660067586796
1.4801364395941514
1.5495229407708355
1.5458015331759765
1.5308176396716067
1.5437758776076318
1.4288992721907328
1.5273454314033659
1.1071487177940904
1.4994888620096063
1.446441332248135
1.5485777614681775
1.5273454314033659
1.2490457723982544
1.2490457723982544
1.546410917622178
1.5363272257953886
1.5503909961083586
1.5437758776076318
1.4940244355251187
1.373400766945016
1.5083775167989393
1.5323537367737086
0.7853981633974483
1.5385494443596428
1.5503909961083586
1.5475447039844337
1.5422326689561365
1.3258176636680326
1.5485777614681775
1.5405025668761214
1.5458015331759765
1.4801364395941514
1.5323537367737086
1.5291537476963082
1.5422326689561365
1.5337762109209665
1.545160918273219
1.5323537367737086
1.5413930385908916
1.550798992821746
1.5363272257953886
0.7853981633974483
1.5444866095419745
1.5503909961083586
1.4994888620096063
1.5469913006098266
1.5469913006098266
1.5308176396716067
1.5232132235179132
1.5273454314033659
1.5350972141155725
1.5437758776076318
1.4288992721907328
1.5413930385908916
1.5152978215491797
1.5503909961083586
1.5469913006098266
1.5363272257953886
1.5475447039844337
1.5232132235179132
1.5350972141155725
1.4801364395941514
1.4801364395941514
1.5385494443596428
1.5469913006098266
1.5042281630190728
1.4801364395941514
1.5475447039844337
1.3258176636680326
1.5458015331759765
1.5350972141155725
1.4288992721907328
1.4801364395941514
1.5083775167989393
1.5495229407708355
1.5430256902014756
1.5480729659532555
1.4876550949064553
1.5422326689561365
1.4876550949064553
1.4994888620096063
1.5437758776076318
1.3258176636680326
1.3258176636680326
1.5444866095419745
1.5480729659532555
1.5480729659532555
1.5291537476963082
1.5208379310729538
1.4994888620096063
1.4994888620096063
1.2490457723982544
1.5323537367737086
1.5083775167989393
1.5480729659532555
1.5430256902014756
1.5437758776076318
1.5350972141155725
1.4994888620096063
1.5374753309166493
1.373400766945016
1.4711276743037347
1.5495229407708355
1.4711276743037347
1.5437758776076318
1.5273454314033659
0.7853981633974483
1.5273454314033659
1.5495229407708355
1.4876550949064553
1.5458015331759765
1.5291537476963082
1.5413930385908916
1.5475447039844337
1.5291537476963082
1.5444866095419745
1.550798992821746
1.5152978215491797
1.4994888620096063
1.4801364395941514
1.5503909961083586
1.5469913006098266
1.5495229407708355
1.5499660067586796
1.5385494443596428
1.5363272257953886
1.4940244355251187
1.5469913006098266
1.4876550949064553
1.5437758776076318
1.5395564933646284
1.4056476493802699
1.4711276743037347
1.5495229407708355
1.5480729659532555
1.4994888620096063
1.5490606199531038
1.2490457723982544
1.5152978215491797
1.5444866095419745
1.446441332248135
1.4288992721907328
1.460139105621001
1.5395564933646284
1.5152978215491797
1.4288992721907328
1.5374753309166493
1.446441332248135
1.5208379310729538
1.4711276743037347
1.3258176636680326
1.5323537367737086
1.4940244355251187
1.5430256902014756
1.4288992721907328
1.5495229407708355
1.5469913006098266
1.546410917622178
1.546410917622178
1.5337762109209665
1.5405025668761214
1.4876550949064553
1.5490606199531038
1.5469913006098266
1.5350972141155725
1.5232132235179132
1.460139105621001
1.5385494443596428
1.5323537367737086
1.512040504079174
1.550798992821746
1.5458015331759765
1.5499660067586796
1.545160918273219
1.5469913006098266
1.373400766945016
1.5495229407708355
1.5485777614681775
1.4711276743037347
1.3258176636680326
1.5475447039844337
1.545160918273219
1.4711276743037347
1.5495229407708355
1.5430256902014756
0.7853981633974483
1.5152978215491797
1.446441332248135
1.5182132651839548
1.5413930385908916
1.4994888620096063
1.5363272257953886
1.5374753309166493
1.460139105621001
1.5499660067586796
1.5469913006098266
1.5480729659532555
1.5503909961083586
1.5458015331759765
1.3258176636680326
1.5208379310729538
1.5444866095419745
1.5485777614681775
1.1071487177940904
1.5323537367737086
1.5363272257953886
1.5458015331759765
1.5273454314033659
1.5152978215491797
1.546410917622178
1.5182132651839548
1.5437758776076318
1.1071487177940904
1.4711276743037347
1.3258176636680326
1.3258176636680326
1.5208379310729538
1.5182132651839548
1.4876550949064553
1.5232132235179132
1.5485777614681775
1.5495229407708355
1.5253730473733196
1.5495229407708355
1.446441332248135
1.5413930385908916
1.5469913006098266
1.550798992821746
1.1071487177940904
1.5405025668761214
1.4940244355251187
1.5413930385908916
1.5413930385908916
1.5385494443596428
1.4940244355251187
1.5485777614681775
1.4056476493802699
1.5374753309166493
1.5308176396716067
1.550798992821746
1.5291537476963082
1.5374753309166493
1.4288992721907328
1.5469913006098266
1.4994888620096063
1.373400766945016
1.5469913006098266
1.5485777614681775
1.2490457723982544
1.5444866095419745
1.3258176636680326
1.5499660067586796
1.5490606199531038
1.5363272257953886
1.5208379310729538
1.5323537367737086
1.5363272257953886
1.5458015331759765
0.7853981633974483
1.5480729659532555
1.4801364395941514
1.4940244355251187
1.4056476493802699
1.5363272257953886
0.7853981633974483
1.5480729659532555
1.5485777614681775
1.3258176636680326
1.5291537476963082
1.4940244355251187
1.5458015331759765
1.5413930385908916
1.5495229407708355
1.4876550949064553
1.4801364395941514
1.5422326689561365
1.4876550949064553
1.5422326689561365
1.5413930385908916
1.5475447039844337
1.5490606199531038
1.5152978215491797
1.5495229407708355
1.550798992821746
1.5385494443596428
1.5430256902014756
1.460139105621001
1.5499660067586796
1.5232132235179132
1.5413930385908916
1.5499660067586796
1.5208379310729538
1.550798992821746
1.5350972141155725
1.550798992821746
1.5291537476963082
1.5503909961083586
1.545160918273219
1.5208379310729538
1.5208379310729538
1.5430256902014756
1.5308176396716067
1.5308176396716067
1.373400766945016
1.5083775167989393
1.5042281630190728
1.5495229407708355
1.5490606199531038
1.5291537476963082
1.545160918273219
1.5273454314033659
1.460139105621001
1.5083775167989393
1.5490606199531038
1.4876550949064553
1.5475447039844337
1.5374753309166493
1.5395564933646284
1.5291537476963082
1.373400766945016
1.5499660067586796
1.5323537367737086
1.5490606199531038
1.550798992821746
1.4801364395941514
1.446441332248135
1.5503909961083586
1.5413930385908916
1.5374753309166493
1.4711276743037347
1.5485777614681775
1.5323537367737086
1.3258176636680326
1.2490457723982544
1.5499660067586796
1.546410917622178
1.1071487177940904
1.5422326689561365
1.4711276743037347
1.5308176396716067
1.5363272257953886
1.5503909961083586
1.4288992721907328
1.550798992821746
1.460139105621001
1.5469913006098266
1.5337762109209665
1.5405025668761214
1.5253730473733196
1.4711276743037347
1.5405025668761214
