cbrt
42.865124529281964
21.6670243201974
28.013739005758143
37.289441579766134
18.19235076858783
24.6374503936228
41.507629119509296
14.654596359332286
40.8796610196015
21.395891137651642
42.103937584364736
22.556480324608497
41.48114496451618
37.04125906338439
15.738066041669338
21.856545960114737
42.064641578731425
39.0457232746269
33.166431934681526
34.65681189721772
34.53831771480722
33.85534855087547
24.83844086147704
42.622162933264754
38.5204815965915
38.076351566222094
32.37890716746914
40.74983100535886
22.75230745826182
42.894730780429846
36.41997354071807
31.68365379753207
39.21632580424369
28.33268126142527
35.96965034696493
41.442112158360125
39.207205308172284
32.531009456570594
44.76396908966018
31.72508968460595
41.23519199122433
33.15801170875445
32.09289413529655
21.513379089311815
29.04204760584981
40.03739211817901
31.383511973352267
28.3153716222457
33.66858510563602
42.12026377085844
35.22869560878369
32.527141036059234
24.81839599369056
31.02431668214557
38.6798845846167
38.40488580772811
35.51852501365726
38.012918045704325
39.4020604108578
37.65330544803197
40.227272896735236
22.366018575213733
29.619460054718854
18.88461930924507
20.95360126288163
30.392992382925527
41.80731845333483
14.232281250066906
42.168199277374185
34.64730407059874
35.58376832311925
24.382774727861516
43.14462748650441
38.809832506489535
35.841001471736746
24.49651484508618
37.343305867630974
38.65055346590855
36.48322241367413
35.33548155523921
30.070766273230962
25.049730343457075
43.832278146741004
22.48767720290145
34.835384803719876
22.694058100525694
30.463340349251506
32.09422747297263
35.5141886019822
27.961460583829837
43.77123692769357
37.645173561383224
31.7950013898615
28.616903629885787
39.29105067218532
34.33061268122167
43.61711515583897
33.969233991146716
29.420053574387193
11.938995956636807
25.95909247596891
22.21562085399618
41.94271669206725
39.2115742235097
32.24980910489332
39.1567002456918
32.49217957790157
19.400403860228984
25.59762652962809
36.14543788283783
38.07116396773522
31.471993247073858
34.58617398966003
22.381101193977724
30.398029073514177
35.66850001736591
31.63427688496396
27.85376136281671
35.666676371538784
40.642985929395216
28.861591758329844
27.549271447779915
19.908246373979612
23.719915369854085
28.285797415957138
45.01226332438253
36.14664973826905
31.53189010265768
28.987977577041153
41.88388183174931
41.00593410044114
42.41460129607973
22.43272745796989
38.337020607293425
31.3411504061476
26.053676093568516
30.64975884817631
25.8569062205353
28.937069244894484
34.74529653574191
28.371722664167525
28.158182070734053
43.878365853530184
30.752468570411168
39.42007016834102
44.32066019252291
40.13251053918383
21.414093839890327
32.80137809002664
43.277196077530945
28.372704051972747
23.803499708973348
17.827099654509315
44.38729041301053
15.449757539580629
28.505155525729094
35.50296345029081
35.72334231271439
23.87381105708207
11.787245627248744
45.786749216132556
34.54932383420813
21.78740820961912
30.38612016426035
29.78560104939084
38.14410197471114
34.628881517358984
32.62364262835741
37.77851302554666
39.23822628186683
45.778333350592
38.061099766669884
36.75007604840265
37.37102715757013
31.731874251267996
32.049526173730214
37.70554508515367
33.85900957789475
36.570978417078166
35.73064399576541
14.258431452269296
17.541376921420714
27.2954520191531
39.0664547462687
23.11811950158909
28.526107194679675
36.77047095563361
39.652691056956414
30.27428462227517
39.917166081959195
33.326979010976814
32.56424373247378
34.09240147971764
25.845473955893002
33.9592360364081
34.07414327435245
38.35216482846811
31.514551100363395
41.48537153164284
39.5014537733381
45.3847714260356
29.013422244927696
33.639722366423044
41.8645979657694
40.3563288186682
14.408155102898755
43.10900413548285
13.881205729815782
39.398440162593786
39.591764433689114
36.05330580390644
29.747762937029485
35.33682434554786
26.702523292507415
27.580778467061773
29.942259308754977
16.16235734979361
31.451070420538663
40.035589159235954
28.539340356569962
23.513582008325056
37.063810026617794
36.354158772458646
37.168107710442094
31.39061750587829
35.86971424348193
40.57582502823913
32.27385731437083
33.00944939067916
21.21943009215408
19.74998771563622
21.733421991015085
38.63447661120381
43.84916499196344
32.27955586268899
37.902984288924806
42.762025959034226
38.28563611828868
33.34801575406833
39.4279324718171
38.06477180382921
14.673353241283023
34.3598599994386
36.44790717340578
31.1117575640428
36.579644687818146
33.94709187502766
27.339793568514615
30.952692324096013
15.159019343745044
38.11960009519449
30.0640483481778
25.55940016372458
22.33388776129121
26.22469943188222
36.981412626486815
40.784552975969646
44.74797052893744
22.42062566640636
36.82688056509564
37.41109606229286
21.82927078359685
32.52593747980962
34.20727761406427
41.407825618931994
33.63134888385119
30.6533245100751
41.20967151274448
32.049286030420056
33.77802336437836
39.073300672035806
32.82729484892467
19.995465638722745
20.754983077673653
34.83445084413907
21.59409274903575
24.86291905978692
39.030001022533185
31.586880335934662
27.52420568498719
29.741275129026892
19.24417094550015
30.288912425664424
36.03912413188315
19.149949212144346
26.69004945597862
38.666050657381376
27.81157498080763
38.926343555292604
31.28073477537808
37.80938710343692
13.370709020343552
33.15761756894818
21.722972549944007
33.008990510307626
35.540051338509144
24.68956926521112
42.243388435922036
22.078288567202314
40.61332685524511
32.310269685073074
31.55025487808574
29.48984041609932
36.12205485183159
30.223004853659578
41.4026965034007
27.598435113963077
28.8940246183889
38.90664500117777
28.93819576562143
22.370395627789414
20.769551417792382
33.34783591156389
28.943130723722923
17.10117293004303
43.29968406804921
27.369301580722556
43.088954126589925
42.266868373795944
19.305602997964563
32.82853208386604
29.811221994565592
40.49907430694234
24.586830591857627
35.12407662960207
42.96568201081159
31.258367892441367
29.03123072270683
39.91896092759577
22.094688294361497
41.527106691996956
30.193197596599884
23.188643867498406
36.42286833331716
19.55521497532039
37.268415739811935
15.67003901046249
40.18422935263487
29.81581971626312
39.51962278770906
28.520965388108582
41.89984449791629
41.948065058214375
31.040626581569878
25.74922610550009
39.83712099430217
33.01575005746136
32.71083444255703
38.32471959367435
28.340381944917052
40.22000646040573
36.72731350048795
28.541398746012458
41.02997807551116
40.1501026916456
31.929283945520634
12.3176734939004
32.057254270629244
29.753717022563468
38.291800174747166
31.434937514036697
27.98062009289608
30.007923832837427
36.59194184926213
27.775003841517737
33.929913294508346
42.951414386553594
41.070691054539424
32.98126883127042
29.629251883687253
41.68805927245208
30.19505496273682
34.39240863674783
37.31630698595377
37.76595761176509
38.47578169909266
31.316106671779064
34.515044897984374
39.22824954193335
20.1692060944719
30.874623684814374
34.91204855985934
32.6661846844523
38.62416091431347
22.489812672129013
36.061622852210924
34.496674047503724
17.114839551590347
35.41655199655298
28.84540003773753
41.912780072130865
23.366333351868196
33.44335567520753
38.94494972485093
28.266085808442835
30.798094698578623
34.909220531252046
20.192638561936935
34.783036057475584
40.887959025447785
40.51685322063529
22.37596273543434
30.999070384887847
34.9931142916908
21.282773878987786
41.95148782726307
38.06623719981446
23.244209449381234
44.47501016638518
26.293657961795407
32.440902464956544
32.24593062048416
18.35166504305128
33.01598246325173
11.227705642233545
17.656255089146732
39.812411219814734
37.07160470172114
25.002127818890337
26.71423817549677
36.10974739535583
23.376347639805143
29.965649572170946
26.3553480737781
41.121596186657236
38.248737623338485
21.875947822876725
38.88785667403864
39.49284279872698
24.237786743283806
34.679501329153474
39.17823309116658
40.05967343276633
40.443850452729805
39.0884514442257
43.21105898284335
39.60419215558683
36.704124347472614
19.49348895046304
32.79544726617331
34.80439731723558
19.916014481969302
37.239714590416575
32.08546489838961
26.78077629353817
30.829465954353097
11.363554481834239
21.744834286497
19.74069422199753
18.918021685708098
25.663058655898187
39.74688714201946
14.961769310406254
26.744433581331645
35.201020115064324
35.649699133324766
31.725338072766576
37.071080792716444
38.104741041721006
38.008539170542456
36.52467712611298
16.675410523007475
40.88206042874989
21.54775754861573
17.05192887308803
21.291049601939616
38.130089690467926
27.827218309129936
25.435742352098544
24.88217624150727
21.27392461112508
33.50064898126426
24.90427930301275
29.552926150548124
26.360184472202764
33.888507342395236
39.89921292911658
18.787021372700078
35.541312745187945
36.02919442519425
39.617994661641866
21.059243142724046
19.57719129349307
38.05405511061525
31.28996061233525
34.63658520084399
34.19350446045261
38.96854575386296
38.404368263911806
34.388462869868086
25.146447121192494
31.2850674074758
30.196488049720596
34.82616937650615
36.705309489776766
29.23999024379573
39.89451372736193
15.109626480120474
33.550863552317495
41.621774227201705
28.43118309959018
31.28151487398983
36.688438126280104
43.88921682771099
36.17443888073982
27.078045789595155
32.2309945508333
11.386765188874781
37.09924173175294
32.734322274888825
34.38934792777941
25.955842205651493
45.934612516918634
31.274366489169843
27.565507741967036
10.144987697267213
27.603580715856143
41.7811213330087
39.55996872913388
41.282796079358626
21.71162210930381
43.9440438828708
32.57090947486478
41.41561019148227
37.774857537309664
17.595225116536056
25.16977774403556
29.703229477980468
24.663830531803043
28.915345673315763
37.25031154492224
29.25362947145529
30.97729867642753
28.279605061881625
31.0241850809804
40.90974793707202
38.21212164312837
28.01698374383779
29.22958470233698
40.502774793373376
27.252007258923857
12.471637025342726
13.411603523129449
29.214009353185922
29.628317799173594
32.99768578812682
37.35620188681246
40.75474043739646
38.4861365725948
18.079769425623464
39.03096160676126
38.13193520705152
37.65576689692021
12.531440851524147
30.42194860004157
23.218435604115832
20.52680214310667
44.85866769089252
32.142347618025404
29.32576796404064
33.35754463235451
21.54453361637378
33.43106042468544
26.83046954078575
33.20761667797253
17.710747088122673
35.84700503487999
37.59541214582304
36.15032817854498
36.23267503471277
40.05388155353179
44.424557607515474
38.09256059926896
33.53474082190168
27.428712331865448
34.151663873850545
20.296272783469846
40.02415208065657
19.05804043309589
26.76337817442812
28.75819552114254
32.79905745358136
29.937599927316704
24.3428565131005
41.05348957513334
40.92604952561442
27.76629889564146
28.730386622709883
37.427079628427606
40.41568191646571
30.972545932775848
38.0136054697778
34.91535737336486
28.70610415391985
26.997466611867292
31.609605582766264
21.28428237915506
19.423049798498713
27.97133120066251
41.69292282903695
34.18318656469631
15.806003700366105
37.990872692446366
18.35318913949958
22.070777562576005
33.31556775543161
43.168568528943915
35.11632587657365
42.59799853939567
34.559937816031805
24.76942664143631
44.68517042316727
37.185457953448
17.62319599931968
32.2411405265747
25.30199591600696
23.692791578939566
30.340563693897256
23.30142009064622
40.63321474904656
30.881039047742494
20.348766091395177
37.799423299619555
25.202200194224375
38.62107719819888
29.549444992310107
35.91629730534851
36.96632924160128
18.54365148694505
37.533412590829094
32.4172157402946
32.572009170130976
23.158800243699783
24.819072434034855
23.844363269057194
15.694544198134395
35.64639933157738
26.209801511171715
29.383506876782782
18.22269639577354
24.91796040803644
34.744987286539434
39.001768493111776
42.70015119135771
29.229249168060466
42.37602811612613
37.813229414702356
21.910045918219037
35.56719403426403
33.96813912646647
22.707053382018294
37.08749684627721
33.974606182839736
45.20183738321509
42.095474413059115
26.439930391504635
43.16455425793974
34.84015545711401
26.90413188604365
15.345407419098354
20.354584667325113
14.796358977714188
25.305228912931454
27.350363007880933
32.29520771620106
29.123236951736803
29.875756532723052
26.47455490398389
29.64938493264582
16.75600734993508
39.48006899201529
45.91106793849402
31.407387337837516
28.62414297949642
43.63997715104173
36.2399099939775
13.2651659736431
23.16000590619732
22.87866792984911
24.090698475995094
46.462026268186285
14.510194970530975
40.40524716998355
12.01809769240646
19.868428005232797
16.799985827652446
40.446287583107974
27.25732036868064
18.545522176538512
37.82393154353293
34.06103511922644
34.32562294783048
37.43137672137269
35.274052628244995
26.798555650978795
30.58982745294657
35.80787567436841
36.03810522833355
36.63987114839351
34.96769536239555
16.799808671290428
29.906807098836346
26.767500703340353
40.861940950706476
25.63832556970205
36.8082507492452
28.1513824542666
12.947082719679099
33.648777652176236
20.046823625190743
32.65594793872141
39.210863121496
33.151370717875636
10.998181517573082
34.46197308385951
41.76940902572835
16.595479487138384
26.294019564789444
25.653367672360172
39.583596920374646
32.22163842690922
30.16061998739579
24.457613786870766
35.21663727977901
37.57973198443324
44.05484895405777
38.563421637998005
22.875954751275714
18.080707545338885
42.79365716702454
36.35229480961036
36.625886709886025
23.321631320456618
39.89930924698687
35.407708430194866
14.561105584646304
44.36979318660086
34.6459545079934
27.592460133236415
9.990023383355371
26.606077718765903
25.336921621606358
25.531551359087057
33.526673639852774
39.27720536694066
29.7858527806459
38.48731352396716
20.578127411252638
40.37675279223525
40.83400263607456
30.149256188179578
29.060586770417558
34.172571284361524
40.57796291679774
35.99192720220143
42.00371660232311
16.771877553728796
42.4742413693087
32.07275114354647
38.64684684139938
22.26780126568618
23.84852515173554
28.134792244572292
37.95023494814454
28.52136696643263
39.83985133248825
46.17303293081217
37.442455148310415
43.16163968697903
33.540250127712895
34.897769717056605
31.46493115807215
23.88777465708246
32.32016492375732
27.167188484504724
25.342798094710737
36.5331755665957
26.255996815863366
39.013363818188004
28.90384323277828
32.9312065516537
38.954569057465484
31.963209671576585
35.73383167032919
27.69341552627234
36.90868644387961
34.93377955098239
29.171273431070883
32.61398398894858
32.2871198889066
16.333045485232148
29.222201168031102
41.71129859249631
34.81066744799122
32.04862074975268
38.73290650865434
38.693234400092734
25.866525031404056
29.768484616867728
43.714229264617735
36.858716127210926
34.72182212753798
27.238526718964295
22.074369527628665
32.84172139752982
38.353841746016876
26.25184265220672
33.97539453897584
12.262502853225241
28.006282603817482
41.43031223079812
34.37865371631619
33.70008423639156
14.943968738232579
29.37638206866932
24.51183102058861
31.234503249827107
30.093213776795096
39.482449074028416
28.35782273312554
31.722403532170794
26.229957187263867
33.240574334703396
36.93152663409796
33.337581680745544
36.360725259380935
39.8786384064844
44.079002349503284
11.782181283928036
30.860349991627437
34.02502194992504
10.87274846592731
36.257809811562204
37.27338531277445
26.44707128662893
39.49536665195784
14.898815274479949
38.71196962531499
40.24071516606456
32.58912028582174
36.367238968829774
43.94301162051091
13.111622651262092
41.82865376599106
24.980876041365114
35.634204700608336
32.46432693334822
35.559316294194694
29.68210253121388
31.78303751032224
36.34661093904519
35.479167834494355
34.73680122592776
38.80268518632656
36.53518343884504
29.303522428658358
41.1324587746872
31.819188608835443
34.86977457113063
26.89647600128311
41.155597527317006
15.668925784578382
38.357911060519484
45.12023811344253
22.824934248405093
29.98873651239822
29.967227174062643
20.28984584422335
38.41098680123893
39.25120555616632
38.2414906954346
36.60286987161099
31.934096135280136
40.66036100684475
42.617013636623675
44.384820176699805
40.87435259755129
30.323422945566087
39.441048632402534
30.73307416721687
40.63500745963462
26.513272098658224
43.87807152681066
30.16479678013544
30.58418024038155
12.556945516042978
37.4395351517151
27.93410097830329
29.67070993721167
29.825711635256063
35.2556250768699
31.64250542347641
39.030263601505496
40.26382894798796
34.26028036008233
29.406421846744788
20.552338992946968
25.96939198932463
34.3663103103971
21.589102012781055
21.43959972010173
35.721722794065286
37.35390385992216
35.29226558418704
33.50989534663507
31.304328321803013
23.54898488989854
31.0292197614179
28.75378148117673
39.603488707366886
40.2613100425792
18.012152287642227
27.991842861936675
42.095256206315085
31.04345276471667
23.37143615774864
39.90916052758755
14.560901204130264
28.630126208929344
30.512688441019158
24.994878951065942
36.696039090726295
40.832933088769714
21.658798984297224
38.513595018890896
29.97637399120055
31.453964837402847
39.740201690781696
30.6455712406959
21.395672691863762
42.39925387318803
41.98968000412083
36.33923161731816
11.025889432445652
41.191059501574166
28.5233542029159
38.939320497300564
40.10762681863553
29.999651847811535
40.29951213114708
27.35088435879437
34.88783138023421
22.18937077395176
19.663538076811392
37.243821926314524
35.43125491448501
27.478440402283336
28.350575280171434
36.34493546000183
29.656682384121815
15.356440690036317
37.378973377267435
22.46251536365905
23.345997660253406
41.9552868825153
27.02992566712867
37.78908776769704
39.11283779884991
31.214256305346208
36.41722909365202
37.06734751235187
35.35915896015608
29.202780119359684
27.138601416937785
41.21233096200175
37.48568342386839
41.6155390666829
37.918025042239435
31.756484921673625
25.186309436015293
25.964824226524225
22.383995529925098
19.62651901098778
23.355772744412253
44.058709507440234
33.72049987368432
43.38637718644049
42.6324908074718
35.541001360230915
32.212080905968165
23.411984023898455
35.28267680647634
33.87934163657725
37.6536393023704
39.49806965944577
39.66855917655029
11.361050000479423
15.404546922954559
35.70524760246773
37.00402196356897
31.91474703289648
29.23370412324197
34.85792473547219
38.49470439335022
25.557910166019518
11.651087595786981
39.023483555598396
23.35082814933778
31.739062924352123
31.46440928597778
