ceil
5382
173
10380
214
6494
13762
4055
1491
7909
4789
1235
11697
4395
7191
2102
7349
4713
2057
5703
4342
7459
2727
4018
5502
1472
3990
8667
3262
5761
6902
12058
5517
7951
11383
3939
4961
7436
5246
6754
4274
6997
4755
7630
1144
9104
10017
2044
3292
1160
1275
12943
9730
10152
3926
1874
204
1717
2480
1407
2909
1491
5006
7744
2159
8310
5151
4142
435
4806
10840
6317
6153
4552
2346
9102
2101
945
9118
8537
3625
9688
10441
1394
712
847
2030
198
5835
1349
13166
1605
4280
2835
4206
9370
1022
6624
6343
8222
1762
6503
427
10177
5480
10841
7274
2782
3261
4607
741
12515
2088
301
6739
5060
1237
3898
6379
1370
2017
4279
1202
3584
5782
9006
2187
5565
3147
7417
9896
5094
9730
12682
5931
2745
4772
6734
5237
6039
3465
8787
13228
1967
2446
217
3406
3141
2881
5584
8958
2181
6286
7521
7941
3677
7917
2669
6057
2173
11738
6793
10506
5013
7084
6485
8016
5866
3990
5109
3549
3654
1021
3656
1034
5878
6255
10564
9535
13281
7146
5634
1670
1482
3718
9096
5417
8086
8450
6052
2499
7407
228
13907
1722
3492
7732
5438
4146
3950
8460
9715
4595
11103
971
6178
6630
7922
1172
9765
9128
7641
5839
3845
3833
8793
4181
8282
12116
5582
6235
9810
11494
9410
5812
2346
9514
623
12879
505
234
265
5134
10336
2438
8349
1561
1610
8727
2427
2888
6746
6101
6085
5345
8961
4027
5924
638
3658
931
201
3472
820
11513
2675
5248
247
230
2046
9165
7364
11568
1618
1037
6623
4011
4707
2475
8200
949
5054
3493
8880
6469
6088
2875
4245
232
6117
490
7334
2463
2126
859
7128
6263
8194
10668
1192
13172
1424
6249
6204
1039
7648
5261
6468
240
6608
5243
7364
2825
5419
3778
1544
7887
8295
9043
4531
5511
5263
8415
3924
1228
9423
1839
2729
6094
5769
4364
3164
10862
3491
9298
1823
11017
10630
4680
12270
3239
5943
5566
1448
2838
5210
4265
4177
4510
564
4908
1565
813
2461
11821
7184
5497
2712
1746
9335
2650
9249
5728
8307
6023
5684
6394
2524
6721
2208
6398
1911
1552
10264
7122
5304
1334
5352
3134
5286
12307
2161
2285
6120
5054
7784
2856
5300
7894
11118
5932
3759
7043
4371
933
5468
3762
9116
5049
10070
8368
7637
10929
2593
1374
5276
1103
6026
2111
7031
12479
1626
203
8649
6559
3869
280
4542
539
5161
1196
7787
7393
7867
1606
7810
13097
5239
5692
3990
3769
620
7250
5342
1849
7749
606
8073
2496
7686
9236
3383
1506
1654
6229
6652
6411
2003
7612
5616
1217
12326
1341
2687
4186
7090
12934
1975
1659
12703
1653
5695
1246
3032
3812
5302
4470
1353
11672
1064
953
2231
796
8632
4347
10017
10323
5695
416
9187
4125
6054
5118
4019
787
1247
4527
4826
2658
5944
9046
9992
6124
5890
4883
866
3610
9603
7317
10275
4204
9880
9353
2815
7980
2768
10306
3586
7785
1883
8810
6933
12015
4546
2774
1521
6307
7865
5054
9787
6525
2552
7523
9089
1585
7358
2164
771
9794
6740
910
10617
9286
5318
364
9560
9911
5640
9627
5217
5470
6686
5693
6091
8133
1775
2655
1067
3604
2357
6343
1652
4448
7541
2123
3544
3128
4210
6493
8427
10853
6352
4626
1074
5878
3844
10598
8302
4922
2725
1944
1161
3626
1680
3316
9082
6588
472
6657
8987
3190
6005
235
4401
12857
224
4968
10881
9170
1538
11375
4379
800
9966
1118
5211
9481
5484
1027
10984
10846
7838
6805
992
1708
9138
5725
11234
10370
3456
7706
7382
9630
8174
12044
11088
7380
4256
4659
5429
6631
8529
11696
678
4225
530
6471
5179
494
1720
3812
1294
5832
2399
2161
2695
4086
8154
3757
2983
8890
2889
10385
1498
8400
8868
9313
3844
5355
367
10815
1744
10927
10840
1124
1592
773
1139
1206
6667
13454
2291
8514
5358
500
11805
1746
1137
5670
6243
5386
6688
8238
9694
2830
11765
9890
9292
290
1359
4520
2475
8090
4549
7464
7789
3494
185
5102
2103
3889
7595
2981
6447
7447
765
7291
2603
7315
378
10773
12496
2426
2725
7232
8402
6074
7221
7084
7911
3439
1442
4897
6544
5621
7111
9303
12433
2547
11261
3492
7729
4430
4338
3504
7299
3442
3854
5240
5760
6102
2082
10233
13113
5871
3053
2691
3442
9566
4938
9838
2893
8782
6476
6721
7697
736
2298
4171
7834
5385
5264
8864
937
8504
1761
3344
3879
10101
7624
4467
6968
7763
8112
2057
8336
3711
217
6224
332
7748
994
5519
10834
2961
1214
10606
4186
4027
5640
3202
3486
5988
3522
2593
4285
534
7316
5972
5715
525
856
6143
694
1536
4271
11961
8507
5247
3027
9027
10600
2063
1419
9253
11020
4415
8712
7232
2437
1648
3455
1062
9608
4284
221
7477
2937
4661
8614
1418
8348
5909
9215
4425
1070
5537
9348
5462
1631
496
10386
8812
8890
3231
6869
9760
3018
1741
2765
1381
1385
10319
9787
4089
5414
4114
8432
5196
9694
3043
3753
5581
4802
4553
3816
3947
7213
2188
951
2157
2476
4587
4440
1502
11496
2401
459
8954
1141
333
1803
3123
4415
8157
12396
4116
3294
3144
3047
6762
5607
5862
1359
11820
12513
1387
1439
965
4298
7322
5489
5663
1128
2475
7176
6457
10506
11376
225
8383
2401
5978
6464
8717
7339
251
5277
3272
9124
3213
7064
5379
7915
2840
2747
7248
4952
484
6569
4731
1324
6076
6056
2595
7028
8572
8452
5066
6979
6471
10815
936
6562
2954
9784
9200
1756
5616
8008
9018
4207
5954
2619
10090
8072
10420
3365
6049
6096
1127
6500
8277
7506
8754
8073
5286
2250
5953
6281
1652
13342
6274
5757
5907
5740
7829
6543
786
2005
11010
1137
7532
8929
8321
1732
5171
12354
1179
1506
10806
9979
7355
8556
9393
5727
2354
9085
4540
10609
349
2015
883
4250
7301
7495
12285
2842
5499
7254
792
6247
5135
465
6450
8215
4569
4186
5490
259
3676
