div
1329
1802
1109
2063
1677
1885
1845
1534
1309
1656
1638
1494
1205
1033
1563
1867
1715
1160
1852
1193
1522
1255
1364
1429
1665
1062
1395
1948
1133
1833
1447
1655
1507
1182
1007
1659
1120
1774
1141
1039
1776
1485
1192
1751
1668
1404
1323
1789
1468
1434
1516
1891
1281
1885
1318
1987
1472
1064
1791
1838
1863
1831
1839
1243
1532
1358
1229
1854
1737
1066
1930
1292
1393
1881
1133
1559
1278
1749
1600
1356
1791
1672
1265
1321
1396
1910
1883
1817
1119
1922
1233
1156
1561
1969
1268
1906
1404
1495
1018
1434
1799
1461
1433
1357
1823
1201
1263
1806
1349
1407
1259
1070
1440
1402
1657
1610
1234
1127
1066
1370
1816
1679
1278
1434
1351
1828
1135
1946
1193
1773
1647
1798
1993
1403
1676
1953
1317
1444
1448
1279
1656
1366
1887
1226
1353
1125
1687
1401
1825
1664
1469
1439
1788
1529
1634
1721
1652
1844
2056
1712
1982
1313
1583
1395
1863
1305
1549
1655
1180
1341
1134
1881
1261
1523
1624
1770
1584
1096
1603
1668
1680
1947
1326
1539
1304
1125
1870
1392
1810
1751
1495
1853
1079
1089
1679
1357
1700
1752
1131
1064
2027
966
1501
1265
1899
1215
1858
1919
1708
1561
1298
1768
1653
1409
1155
1915
1400
1838
1773
1398
1842
1252
1694
1802
2004
1255
1326
1321
1753
1147
1742
1097
1621
1620
1226
1512
1755
1789
1358
1563
1813
978
1875
1571
1635
1488
1506
1181
1206
1796
1148
1014
1084
1124
1010
1801
1794
1660
1670
1315
1043
1445
1673
1546
1007
1716
1380
1871
1254
1760
1916
1813
1659
1403
1714
1466
1920
1740
1892
1869
1343
1863
1220
1730
1421
1478
1082
1579
1003
1911
1080
1357
1957
1151
1138
1933
1968
1795
1319
1270
1195
1680
1773
1126
1693
2079
1550
1864
1583
1858
1880
1446
1181
1515
1924
1913
1514
1643
1652
1233
1815
1370
1856
1879
1439
1907
1968
2027
1128
1481
1126
1762
1825
1587
1801
1301
1154
1195
1273
1075
1802
1723
2012
1977
1736
1645
1847
1857
1713
2005
979
1174
1254
1711
1948
1241
1529
1573
1639
1308
1659
1235
1817
1695
1645
1333
1154
1685
1133
1741
1400
1267
1555
1751
1518
2006
1354
1705
979
1401
1785
1399
1706
1348
1610
1817
1601
1578
1020
1588
1349
1134
1159
1025
1481
1532
1064
1848
1214
1460
1514
1568
1944
1678
1135
1284
1266
1928
1715
1718
1433
1324
1002
1133
1637
1085
1506
1565
1788
1318
1851
1572
1902
1924
1535
1154
1675
1626
1430
1432
1355
1218
1830
1140
1613
1978
1468
1146
1069
967
1331
1868
1055
1187
1159
1225
1365
1515
1138
1005
1063
1118
1413
1215
1687
1296
1606
1857
1414
1558
1442
1685
1645
1642
1867
1471
1360
1943
1987
1592
1418
1927
1167
1421
1684
1127
1282
1028
1142
1156
1652
1491
1231
1133
1950
1213
1170
1139
1330
1176
1061
1174
1749
1195
1884
1426
1948
1282
2009
1499
1176
1173
1937
1898
1158
1228
1583
1341
1711
1959
1937
1039
1552
1928
1824
1542
1381
1944
1628
1183
1929
2059
1364
1893
1530
1081
1947
1178
1753
1349
1088
1000
1115
1038
1096
1170
1274
1817
1798
1067
1630
1589
1729
1880
1089
1565
1161
1812
1972
1772
1386
1077
1101
1345
1312
1616
1605
1684
1174
1847
1635
1942
1893
1318
1440
1317
1940
1281
1026
1915
1016
1417
1758
1670
1806
1610
1358
1279
1947
1511
1242
1931
1058
1575
1280
1193
1090
1221
1518
1427
1900
1940
1235
1780
1106
1506
1731
1859
1262
1211
1403
1830
1799
1421
1554
1489
1668
1188
1031
1895
1046
1513
1777
1873
1897
1941
1142
1648
1635
1033
1381
1394
1834
1309
1286
1229
1336
1515
1823
1123
1800
1221
1992
995
1453
1923
1305
1849
1211
1056
1661
1308
1783
1709
1564
996
1278
1818
1055
1259
1988
1529
1471
1762
1388
1292
1512
1700
1061
1884
1439
1753
1541
1288
1427
1641
1096
1894
1836
1159
1676
1785
1407
1414
1156
1771
1333
2060
1208
1772
1174
1671
1652
1433
1658
1219
1073
1465
1124
1545
1877
1686
1529
1345
1029
1673
1513
1505
1187
2001
1913
1774
1139
1675
1319
1338
1775
1564
1083
1680
1898
1879
1235
1151
1820
1954
1214
1263
1263
1820
1256
1238
1643
1951
1075
1580
1510
1849
1601
1815
1423
1394
1602
1654
1254
1855
1215
1180
1188
1347
1977
1129
1534
1339
1384
1491
1123
1458
1846
1806
1768
1251
2004
1923
1585
1478
1179
1382
1884
1059
1131
1190
1948
1587
1190
2042
1655
1131
1995
1822
1450
1104
1994
1753
1626
1924
1980
1625
1148
1173
1823
1311
1952
1600
1705
1970
1087
1860
1327
1563
1458
1800
1364
1284
1035
1052
1325
1078
1402
1393
1636
1624
1186
1421
1404
1840
1250
1391
1419
1173
1144
1325
1509
1418
1987
1407
1728
1091
1321
1961
986
1991
1446
1750
1939
1056
1507
1852
1668
981
1753
1165
1199
1124
2018
1685
1495
1984
1537
1825
1221
1908
1737
1644
1381
1101
1000
1462
1676
1523
1574
956
1018
1570
1589
1934
1716
1944
1880
1355
2059
1105
1743
1906
1600
1647
1876
1024
1834
924
1362
2034
1057
1815
1905
1189
1133
1199
1136
1673
1364
1800
1413
1643
1534
1720
1947
1556
1957
1666
1706
1098
1739
1405
1656
1359
2002
1288
1952
1438
1568
1588
1957
1851
1586
1721
1272
1644
1833
1783
1075
1453
1241
1032
1784
1426
1631
1313
1489
1693
1851
1773
1403
1170
1480
1521
1113
1990
1184
1704
1931
1980
1573
1554
1651
940
1992
1032
1786
1527
1360
1922
1733
1629
1408
1920
1230
1307
1755
2019
927
1563
1222
1352
1059
1660
1333
1724
1097
1933
1481
957
1873
1042
1582
1669
1807
1462
1448
1728
1560
1769
1662
1491
1193
1401
1707
1703
1840
1481
1349
1051
1562
994
1104
1344
1482
1240
1387
1356
1399
1521
1544
1813
1831
1607
1446
1664
1233
1324
