?column?
1311.3300000000000000
1078.0700000000000000
1691.6600000000000000
1690.7300000000000000
1494.4200000000000000
1448.4100000000000000
1784.7700000000000000
1195.2100000000000000
1984.9200000000000000
1708.7800000000000000
1425.4000000000000000
1499.4100000000000000
1803.8800000000000000
1796.7800000000000000
1289.3000000000000000
1856.8400000000000000
1350.4300000000000000
1327.3900000000000000
1704.7600000000000000
1195.2000000000000000
1207.2800000000000000
1852.7700000000000000
1392.3200000000000000
956.0200000000000000
924.0100000000000000
1560.6100000000000000
1403.3100000000000000
1523.5900000000000000
1499.5600000000000000
1127.0500000000000000
1116.0600000000000000
1293.2800000000000000
1991.9300000000000000
1365.4400000000000000
1567.4800000000000000
1539.4700000000000000
1915.9000000000000000
1697.6500000000000000
1840.7900000000000000
2076.9900000000000000
2072.9900000000000000
1417.4200000000000000
1370.4400000000000000
1797.8500000000000000
1468.4800000000000000
1769.7300000000000000
1611.6800000000000000
1750.7800000000000000
1360.4000000000000000
1345.4300000000000000
1839.7900000000000000
1850.7500000000000000
1898.9100000000000000
1744.6800000000000000
1651.7100000000000000
1056.0600000000000000
1309.3000000000000000
1022.0700000000000000
1582.5000000000000000
1341.3800000000000000
1850.8700000000000000
1989.9000000000000000
1285.2500000000000000
1873.8100000000000000
1516.4900000000000000
1783.7000000000000000
1787.8400000000000000
1845.8400000000000000
1880.9300000000000000
1803.7200000000000000
1442.5300000000000000
987.0300000000000000
1560.4700000000000000
1510.5700000000000000
1791.7400000000000000
1317.2400000000000000
1460.4400000000000000
1539.6000000000000000
2065.9800000000000000
1292.3300000000000000
1649.7300000000000000
1309.3700000000000000
1748.7600000000000000
1982.9900000000000000
1531.4800000000000000
1766.6800000000000000
1243.1400000000000000
1305.3600000000000000
1674.7600000000000000
1904.8700000000000000
1677.7500000000000000
1540.5900000000000000
1712.6700000000000000
1205.2500000000000000
1852.8800000000000000
1462.4000000000000000
1667.6600000000000000
1655.6900000000000000
1446.4600000000000000
1312.3200000000000000
1124.1900000000000000
1265.3100000000000000
1075.1200000000000000
1726.7800000000000000
1612.5600000000000000
1088.0300000000000000
1294.2700000000000000
1247.3200000000000000
1824.7400000000000000
1873.8400000000000000
1827.8500000000000000
1552.4800000000000000
1830.7800000000000000
2053.9700000000000000
1694.6000000000000000
1434.4500000000000000
1674.7500000000000000
1934.9700000000000000
1305.3700000000000000
1599.5500000000000000
1839.8400000000000000
1737.7900000000000000
2047.9400000000000000
1589.5700000000000000
1494.4700000000000000
2056.9900000000000000
1181.2000000000000000
1758.6600000000000000
1193.1400000000000000
1715.7800000000000000
1985.9300000000000000
1918.9200000000000000
1709.6700000000000000
1758.7600000000000000
1218.2000000000000000
1041.1300000000000000
1035.0300000000000000
1769.7600000000000000
1699.6600000000000000
1130.0700000000000000
1850.7800000000000000
1469.4700000000000000
1399.4400000000000000
1815.8300000000000000
1780.6800000000000000
1157.1600000000000000
2043.9900000000000000
1761.6900000000000000
1409.5000000000000000
1335.3500000000000000
1338.3100000000000000
1982.9600000000000000
1434.5300000000000000
1988.9400000000000000
1210.2800000000000000
1350.3000000000000000
1230.1700000000000000
1447.4500000000000000
1596.5900000000000000
1744.7000000000000000
1504.5900000000000000
1384.3900000000000000
1591.4900000000000000
1951.9100000000000000
1644.6300000000000000
1434.5000000000000000
1802.8400000000000000
1881.9500000000000000
1251.3100000000000000
1791.7700000000000000
1924.9600000000000000
1369.4500000000000000
1626.6200000000000000
1724.8200000000000000
1798.8800000000000000
1477.4300000000000000
1331.2600000000000000
1890.8100000000000000
1346.2900000000000000
1539.6200000000000000
1118.0600000000000000
1976.8900000000000000
1628.6800000000000000
1807.7400000000000000
1761.8300000000000000
1411.3300000000000000
1271.2900000000000000
1764.7700000000000000
1258.2800000000000000
1134.1000000000000000
1536.6100000000000000
1825.9000000000000000
1498.4900000000000000
1417.3300000000000000
1279.2800000000000000
1532.5700000000000000
1855.9300000000000000
1892.9200000000000000
1379.4400000000000000
1919.8700000000000000
1654.6000000000000000
2024.9200000000000000
1607.5400000000000000
1779.7400000000000000
1041.0700000000000000
1263.2100000000000000
1036.0100000000000000
1679.6600000000000000
1555.4600000000000000
1163.1000000000000000
1093.0900000000000000
1903.9700000000000000
1279.2200000000000000
1399.4400000000000000
1177.2100000000000000
1523.4600000000000000
1442.3900000000000000
1729.7800000000000000
1183.2000000000000000
1774.7700000000000000
1874.9100000000000000
1722.6500000000000000
2019.9600000000000000
1436.4500000000000000
1993.9300000000000000
1493.5800000000000000
967.0300000000000000
1384.4100000000000000
1890.8900000000000000
1072.0400000000000000
1430.4500000000000000
1463.4500000000000000
1860.7700000000000000
1630.6600000000000000
1789.8400000000000000
1197.2200000000000000
1526.5700000000000000
1754.6600000000000000
1086.0600000000000000
1892.9200000000000000
1097.0000000000000000
1180.0800000000000000
1242.2100000000000000
1171.1700000000000000
1469.4000000000000000
1490.4100000000000000
1107.0100000000000000
1977.9600000000000000
1817.8800000000000000
1861.8800000000000000
1070.1600000000000000
1945.8400000000000000
1320.4000000000000000
1141.1500000000000000
1309.2500000000000000
1949.9800000000000000
1263.3500000000000000
1856.8700000000000000
1048.1100000000000000
1540.4500000000000000
1609.5400000000000000
1189.1800000000000000
1671.7000000000000000
1021.0600000000000000
1521.5100000000000000
1550.4700000000000000
1790.7000000000000000
1890.8200000000000000
1735.6600000000000000
1350.2700000000000000
1666.7000000000000000
1939.9400000000000000
1118.0500000000000000
1475.5200000000000000
1809.7800000000000000
1585.6200000000000000
1048.0800000000000000
1403.4500000000000000
2020.9300000000000000
1127.0700000000000000
1882.8800000000000000
1145.1000000000000000
1322.2500000000000000
1240.2700000000000000
1682.7000000000000000
1628.5700000000000000
1351.3400000000000000
1245.1700000000000000
1406.4100000000000000
1120.2000000000000000
1593.5200000000000000
1998.9600000000000000
1593.5100000000000000
1676.7000000000000000
1328.2900000000000000
1775.7900000000000000
1163.1600000000000000
1999.9500000000000000
1912.9900000000000000
1725.7100000000000000
2069.9700000000000000
1428.4600000000000000
955.0100000000000000
1683.6200000000000000
2021.9500000000000000
1940.8700000000000000
1121.1300000000000000
1720.7700000000000000
1813.8100000000000000
2082.9900000000000000
1842.9100000000000000
1255.2100000000000000
1537.4900000000000000
1517.4900000000000000
1410.3100000000000000
1616.6500000000000000
1444.3400000000000000
1321.2200000000000000
1810.8000000000000000
1283.3700000000000000
1779.7400000000000000
1903.9700000000000000
1744.6600000000000000
1284.3600000000000000
1472.4700000000000000
1639.6800000000000000
1051.0700000000000000
1828.7500000000000000
1316.2400000000000000
1172.1500000000000000
1380.3100000000000000
1190.2300000000000000
1262.2100000000000000
1328.2400000000000000
1608.6700000000000000
1535.4400000000000000
1151.2000000000000000
2036.9900000000000000
992.0300000000000000
2059.9800000000000000
1398.4900000000000000
1440.5000000000000000
1622.6400000000000000
1065.0300000000000000
1843.8300000000000000
1787.7400000000000000
1694.6300000000000000
1441.3900000000000000
1372.4400000000000000
1468.4800000000000000
1751.7800000000000000
1919.8200000000000000
901.0000000000000000
1306.4000000000000000
1977.8800000000000000
1419.3300000000000000
1741.7700000000000000
1889.9000000000000000
1173.2700000000000000
1109.0100000000000000
1143.2100000000000000
1104.2000000000000000
1136.0500000000000000
932.0200000000000000
1215.2800000000000000
1686.5900000000000000
1568.5500000000000000
1367.3200000000000000
1052.0600000000000000
1149.1300000000000000
1206.2200000000000000
1221.2700000000000000
1089.0300000000000000
1415.4300000000000000
1787.8400000000000000
1199.2000000000000000
1200.2100000000000000
1444.5100000000000000
1498.5900000000000000
1337.4100000000000000
1371.3200000000000000
1459.4800000000000000
1835.9000000000000000
1779.8500000000000000
1117.1000000000000000
1483.4700000000000000
1888.8500000000000000
1152.0600000000000000
1574.6500000000000000
1599.5300000000000000
1130.0900000000000000
1656.6700000000000000
1191.1300000000000000
1208.1300000000000000
1284.3000000000000000
1722.7700000000000000
1161.0900000000000000
1318.2900000000000000
1534.5100000000000000
1928.8700000000000000
1639.5800000000000000
1873.8400000000000000
1282.3000000000000000
1261.3300000000000000
1812.7200000000000000
1335.3400000000000000
1403.3000000000000000
1960.9600000000000000
1749.6500000000000000
1690.6600000000000000
1075.1100000000000000
1167.1200000000000000
1734.7700000000000000
1938.9900000000000000
1444.5100000000000000
1073.1500000000000000
1983.9200000000000000
1495.5400000000000000
1388.4200000000000000
1450.4800000000000000
1244.3400000000000000
1690.6100000000000000
1469.3900000000000000
1839.9300000000000000
1777.7400000000000000
1866.8200000000000000
1409.4700000000000000
1450.5100000000000000
1024.0700000000000000
1389.4600000000000000
1836.9200000000000000
1365.3900000000000000
1877.8800000000000000
1194.1600000000000000
1856.9200000000000000
1166.1400000000000000
1267.2900000000000000
1774.8100000000000000
1837.8600000000000000
1905.9600000000000000
1074.1100000000000000
1498.5000000000000000
1286.2200000000000000
1649.6300000000000000
1208.1200000000000000
1069.1500000000000000
1258.2200000000000000
1303.3100000000000000
1985.9500000000000000
1419.4200000000000000
1852.8000000000000000
1863.8200000000000000
1590.4900000000000000
1559.6200000000000000
1676.6700000000000000
1109.1200000000000000
1636.6300000000000000
1683.6500000000000000
1430.3800000000000000
1308.3000000000000000
1476.5600000000000000
1889.8700000000000000
1193.2500000000000000
1506.4600000000000000
1296.3200000000000000
956.0300000000000000
1796.7700000000000000
1330.3200000000000000
1092.1700000000000000
1569.5800000000000000
1928.9600000000000000
1845.8900000000000000
1978.9300000000000000
1750.7300000000000000
1960.9100000000000000
1517.4600000000000000
1796.8300000000000000
1103.1700000000000000
2036.9800000000000000
2052.9600000000000000
1419.4000000000000000
1706.6200000000000000
1321.3500000000000000
1337.3900000000000000
1936.9000000000000000
1880.8300000000000000
1752.7600000000000000
1177.2000000000000000
2008.9900000000000000
1366.3500000000000000
1547.5000000000000000
1469.5200000000000000
1700.6400000000000000
1605.5900000000000000
1329.2500000000000000
1757.7500000000000000
1391.3500000000000000
1680.7200000000000000
1438.3500000000000000
1177.2000000000000000
1118.0500000000000000
1691.7200000000000000
1146.0800000000000000
1306.2900000000000000
1122.1200000000000000
1190.1100000000000000
1941.8800000000000000
1798.7200000000000000
1343.4100000000000000
1862.7600000000000000
1062.1300000000000000
1110.1900000000000000
1595.5000000000000000
1415.3300000000000000
1905.9700000000000000
1135.2100000000000000
1371.3300000000000000
1743.8300000000000000
1703.6900000000000000
1679.7400000000000000
1332.2700000000000000
1277.3000000000000000
1674.7100000000000000
1786.7000000000000000
1966.9600000000000000
1488.5100000000000000
1016.0000000000000000
1349.2900000000000000
1155.1800000000000000
1317.3000000000000000
1282.3200000000000000
1681.7700000000000000
2067.9900000000000000
1708.7100000000000000
1578.6000000000000000
1481.5600000000000000
1088.0900000000000000
1178.1700000000000000
1360.4200000000000000
1748.7100000000000000
1711.6500000000000000
1095.0700000000000000
1920.9000000000000000
1086.1800000000000000
1353.3400000000000000
1752.7400000000000000
1645.6500000000000000
1946.8700000000000000
1124.1700000000000000
1812.8200000000000000
1851.8700000000000000
1887.8000000000000000
1795.7000000000000000
1490.4200000000000000
1115.1300000000000000
1320.2200000000000000
1463.4100000000000000
1983.9000000000000000
1842.8800000000000000
1360.4300000000000000
1483.5500000000000000
1890.9200000000000000
1091.1800000000000000
1898.8300000000000000
2066.9700000000000000
1877.8100000000000000
1293.3500000000000000
1748.8200000000000000
1123.0300000000000000
1970.9300000000000000
1335.3400000000000000
1747.7900000000000000
1008.0200000000000000
1744.8400000000000000
1451.4000000000000000
1919.9700000000000000
1217.1500000000000000
1761.7600000000000000
1737.7000000000000000
1834.8200000000000000
945.0300000000000000
1185.1600000000000000
944.0300000000000000
1888.9300000000000000
1102.1600000000000000
1309.2300000000000000
2023.9300000000000000
2006.9100000000000000
1084.1000000000000000
1113.0900000000000000
1637.5700000000000000
1447.3500000000000000
1336.3300000000000000
1338.3400000000000000
1856.9500000000000000
1340.3700000000000000
1575.5400000000000000
1265.1900000000000000
1169.1900000000000000
1165.2500000000000000
1518.4300000000000000
1509.5800000000000000
1193.1100000000000000
1403.4900000000000000
1440.3400000000000000
1552.4600000000000000
1765.7100000000000000
1490.4300000000000000
1950.8700000000000000
1747.7600000000000000
1697.7400000000000000
1199.2400000000000000
1573.4700000000000000
1509.4100000000000000
1313.2800000000000000
1630.6400000000000000
1851.7800000000000000
1575.6700000000000000
1258.3400000000000000
1453.4800000000000000
1003.0600000000000000
1132.0600000000000000
1833.8500000000000000
1978.9800000000000000
1655.7400000000000000
1523.4800000000000000
1831.8400000000000000
1634.5700000000000000
1375.3500000000000000
1184.1100000000000000
1838.8000000000000000
1353.3700000000000000
1830.9100000000000000
1331.2800000000000000
1468.4000000000000000
1291.2900000000000000
1492.5300000000000000
1771.7900000000000000
1937.9700000000000000
1503.5800000000000000
1159.0800000000000000
1166.2400000000000000
1798.8100000000000000
1706.7700000000000000
1818.8900000000000000
2010.9700000000000000
1767.7800000000000000
1939.9100000000000000
1136.1300000000000000
1813.8000000000000000
1597.6600000000000000
977.0400000000000000
1824.7300000000000000
1309.3100000000000000
1411.3700000000000000
1938.9200000000000000
1651.6700000000000000
1130.1600000000000000
1821.7400000000000000
1068.0400000000000000
1161.2500000000000000
1563.5900000000000000
947.0300000000000000
1426.3400000000000000
1043.0900000000000000
1860.8000000000000000
1226.1300000000000000
1582.5700000000000000
1141.2100000000000000
2007.9600000000000000
1188.1000000000000000
1396.4600000000000000
1595.6700000000000000
1128.1400000000000000
1496.5700000000000000
1458.3700000000000000
1547.5100000000000000
1835.8000000000000000
1616.6600000000000000
1131.1300000000000000
1423.3900000000000000
1422.4400000000000000
1122.1700000000000000
1263.2800000000000000
1376.3600000000000000
1466.5100000000000000
1569.6200000000000000
1254.2400000000000000
1300.3200000000000000
1918.8900000000000000
1512.5100000000000000
1927.9300000000000000
1370.3300000000000000
1159.1200000000000000
1735.7300000000000000
1375.4600000000000000
1584.6100000000000000
2059.9900000000000000
1462.4700000000000000
1349.2800000000000000
1588.5600000000000000
1192.1500000000000000
1823.7800000000000000
1724.6200000000000000
1835.8000000000000000
1601.6600000000000000
958.0300000000000000
1024.0200000000000000
1256.2100000000000000
1715.6500000000000000
976.0000000000000000
1394.3700000000000000
1954.9200000000000000
1578.6500000000000000
1476.4500000000000000
1745.8100000000000000
1125.1700000000000000
1895.9400000000000000
1349.4400000000000000
1085.0500000000000000
1555.5900000000000000
1272.1800000000000000
985.0500000000000000
1972.9700000000000000
1161.2400000000000000
1257.1800000000000000
1510.4800000000000000
1678.6000000000000000
1632.6000000000000000
1958.9700000000000000
1367.3100000000000000
1232.2500000000000000
1882.8100000000000000
1184.2400000000000000
1523.4800000000000000
1985.9600000000000000
1893.9200000000000000
1210.1800000000000000
1827.8800000000000000
1862.7800000000000000
1339.3900000000000000
1468.4700000000000000
1404.4600000000000000
1426.4700000000000000
1234.1600000000000000
1651.5500000000000000
1263.2300000000000000
1833.9100000000000000
1365.3400000000000000
1954.9800000000000000
1706.7900000000000000
1972.9600000000000000
1826.7900000000000000
1217.2600000000000000
1175.2300000000000000
1171.2500000000000000
1095.0500000000000000
1356.3300000000000000
1611.6400000000000000
1404.3300000000000000
933.0000000000000000
1411.4800000000000000
1961.9200000000000000
1095.0800000000000000
1575.6600000000000000
1164.1800000000000000
1613.5300000000000000
1113.1800000000000000
1556.5500000000000000
1298.2000000000000000
1063.0300000000000000
1237.2300000000000000
1018.0400000000000000
1696.7400000000000000
1173.2300000000000000
1396.4600000000000000
1482.5400000000000000
1559.6000000000000000
1565.4800000000000000
1899.8300000000000000
1795.7700000000000000
1179.2400000000000000
1466.5000000000000000
1233.2100000000000000
1809.8900000000000000
1689.7000000000000000
1884.9200000000000000
1914.9000000000000000
1436.3300000000000000
1570.6000000000000000
1523.5000000000000000
1905.8900000000000000
2043.9800000000000000
940.0200000000000000
1825.7500000000000000
1166.2300000000000000
1473.3900000000000000
1111.1300000000000000
1652.6100000000000000
1545.5500000000000000
1648.5500000000000000
1322.3100000000000000
1587.6400000000000000
1912.8500000000000000
1478.5000000000000000
1381.3300000000000000
1078.0800000000000000
1771.8300000000000000
1253.2400000000000000
1294.3000000000000000
2021.9400000000000000
1021.0300000000000000
1354.4300000000000000
986.0300000000000000
1248.2400000000000000
1857.9400000000000000
1884.8300000000000000
1718.6200000000000000
1577.6600000000000000
1348.3900000000000000
922.0100000000000000
1823.8000000000000000
1680.7000000000000000
1472.3700000000000000
1282.2800000000000000
1836.8900000000000000
1552.5200000000000000
1563.6000000000000000
1654.6000000000000000
1125.2000000000000000
1337.4000000000000000
1018.0700000000000000
1905.8200000000000000
1397.3800000000000000
1744.7500000000000000
1702.6800000000000000
1669.6600000000000000
1450.4100000000000000
991.0100000000000000
1639.7300000000000000
1909.8700000000000000
1953.8600000000000000
1278.3200000000000000
1693.7800000000000000
1783.8200000000000000
1464.5200000000000000
1118.1200000000000000
1170.1100000000000000
1783.8400000000000000
1424.4900000000000000
1350.3100000000000000
1683.7700000000000000
1892.8200000000000000
2030.9400000000000000
1824.8400000000000000
1179.0900000000000000
1362.4100000000000000
1456.4600000000000000
1216.2800000000000000
1100.1700000000000000
1795.7600000000000000
1678.6800000000000000
1884.8300000000000000
1111.1100000000000000
1698.6000000000000000
1425.5200000000000000
1915.8100000000000000
1737.7100000000000000
1712.7400000000000000
1534.4700000000000000
1708.6900000000000000
1676.7200000000000000
1359.3200000000000000
1501.4200000000000000
1791.8900000000000000
1662.5900000000000000
1405.5000000000000000
1690.6700000000000000
1517.5000000000000000
1366.4500000000000000
1804.7200000000000000
1697.7400000000000000
1432.4100000000000000
1238.1600000000000000
2066.9900000000000000
1530.5200000000000000
1148.1000000000000000
1442.3600000000000000
1852.8100000000000000
1765.8600000000000000
1706.7300000000000000
1695.7600000000000000
1634.7000000000000000
1162.0600000000000000
1306.3700000000000000
1543.5300000000000000
1599.5300000000000000
1331.2700000000000000
1693.6100000000000000
1211.1800000000000000
1295.2600000000000000
1557.4800000000000000
1697.6500000000000000
1914.8300000000000000
1351.4000000000000000
1518.5100000000000000
1845.7800000000000000
1096.1600000000000000
1581.5300000000000000
1397.4600000000000000
1659.7200000000000000
1705.7600000000000000
1834.8500000000000000
2095.9900000000000000
1617.5600000000000000
1523.4500000000000000
1206.2800000000000000
1034.0100000000000000
1086.1300000000000000
1341.4300000000000000
1087.0800000000000000
1454.4800000000000000
1635.7200000000000000
1904.9400000000000000
1683.6900000000000000
981.0300000000000000
1328.3200000000000000
1230.2000000000000000
1863.8200000000000000
1124.2100000000000000
1093.1000000000000000
1768.8200000000000000
1694.7900000000000000
1229.2000000000000000
1126.0800000000000000
1597.6900000000000000
1707.7500000000000000
1860.8400000000000000
1181.1200000000000000
1709.8000000000000000
1618.5700000000000000
1891.8900000000000000
1852.8000000000000000
1838.8000000000000000
1547.6000000000000000
1535.6100000000000000
1225.2400000000000000
1325.3100000000000000
1616.5100000000000000
1624.6400000000000000
1823.7500000000000000
1768.8300000000000000
1464.5000000000000000
1963.9900000000000000
1653.5500000000000000
1353.3000000000000000
1225.2500000000000000
1490.5800000000000000
1385.3100000000000000
1866.9300000000000000
1755.7500000000000000
1534.4400000000000000
1952.9000000000000000
1270.2700000000000000
1899.9400000000000000
1174.2400000000000000
1760.7100000000000000
1819.8900000000000000
1257.3500000000000000
1572.4700000000000000
981.0800000000000000
1229.1900000000000000
1401.4600000000000000
1768.8500000000000000
1895.9500000000000000
1631.5900000000000000
1536.5000000000000000
1871.9300000000000000
1269.2500000000000000
1315.3400000000000000
1633.6500000000000000
1783.7600000000000000
1665.6500000000000000
1188.1500000000000000
1532.5200000000000000
1077.0600000000000000
1685.7300000000000000
1519.5400000000000000
1700.7700000000000000
1991.8900000000000000
1936.8500000000000000
979.0000000000000000
1330.4100000000000000
1982.9700000000000000
1371.3400000000000000
1862.8900000000000000
1358.3500000000000000
1711.7400000000000000
1343.4000000000000000
1717.7600000000000000
