floor
2379
262
9562
2992
1759
8494
3606
9530
8024
258
6452
6603
8248
3166
4530
11032
4192
7686
11137
5640
5033
3127
9457
3594
4297
5869
4654
4162
4727
3190
2383
4475
6090
5207
9691
6133
3841
1431
8341
3786
5337
5458
3418
1231
6195
4699
5094
700
8783
2291
2029
6099
4849
4496
4357
3665
2706
4298
6310
3153
156
1582
4596
6067
6640
2542
553
8658
2472
4445
5408
8604
5150
1645
2834
8874
2742
13348
169
1448
2805
10684
850
9053
5893
6263
7462
3212
7023
11351
7374
6586
4015
1983
1661
3030
9124
4349
2002
6337
9576
7677
985
6216
7049
11874
4568
1235
4495
10547
1541
3782
4901
10286
339
1024
6555
5702
4148
422
10617
6944
224
1370
5239
3946
8919
3729
209
3070
1174
2413
6615
441
8204
3600
582
4515
9850
8275
4024
9180
5514
1861
11750
8136
4432
6125
3108
858
7078
6635
5323
1256
8337
1638
3954
2689
9582
1644
2079
7622
5256
3399
2110
770
1776
2788
5648
11358
1392
8700
6941
5752
9953
3922
1645
12287
334
2816
8788
7799
10146
1123
11701
13915
11153
8618
2315
1283
8273
423
7527
9868
4728
7603
798
6143
6038
4365
6647
7603
7367
2626
1023
6822
4367
12366
1489
4012
3434
4350
8126
2462
571
3696
2175
3119
3312
162
5615
215
5930
1768
216
2986
7852
5643
2328
4544
5114
11600
1811
3731
4881
4833
11216
8335
8658
10457
4736
7225
6514
3256
6426
12265
6237
1367
2196
5172
5745
2026
9748
880
5945
5036
1281
3628
1816
3046
11274
10393
3347
6367
4030
1376
3251
7057
6461
262
9738
5482
6745
10221
5220
3709
200
3346
1713
1813
9121
993
2054
1870
7855
11110
6470
8998
6121
1239
3037
1968
2616
3506
5724
2086
2043
11234
6451
295
8360
8547
1925
9858
3189
7387
8926
10753
9824
4605
4206
10207
4336
630
5740
2222
974
8394
2269
7030
7361
6383
11302
3657
1766
4585
2552
7420
5522
9684
10346
4374
1886
5202
7352
3723
3735
798
1087
9598
5199
6749
1484
476
10976
5996
4667
5698
3769
8374
1287
2847
4864
658
4357
3621
5471
3684
4990
7987
5671
2128
5727
6692
223
1975
6986
397
10881
8385
2968
8629
461
12187
7740
3394
7095
6498
2850
10352
3918
6703
2722
6723
8179
5597
7185
3926
10293
7331
9116
5109
9449
5159
8609
6149
6706
2834
6496
4570
1710
5843
6533
4049
12848
6096
4681
830
863
743
2330
4420
1397
5872
1865
2383
2744
7910
1081
4080
9204
2236
3801
2584
4253
6738
4375
4370
3488
858
3891
604
6970
6933
6020
5994
3473
6386
9904
8946
12920
9936
994
1617
7766
11860
9334
834
1749
3869
6406
4401
4435
4795
6930
1780
666
6345
12502
7710
4150
916
5011
5976
8787
9254
10924
11651
2542
10330
9946
2127
11799
8027
2526
6466
3122
3483
13777
2659
6086
9245
8936
6518
7385
6102
5691
3618
5101
5377
1462
4033
4860
9013
11491
5063
2678
8931
8309
3381
11062
2584
7128
8282
11925
8484
5333
8730
12414
6862
2109
7724
5461
4852
256
2489
4366
6328
6260
5012
8264
5529
10306
2398
2648
8867
5980
232
1969
3787
2285
6186
7838
13213
7570
6012
7799
6088
941
2019
1910
9130
630
4351
1418
4858
2557
10984
12399
11560
3322
1901
155
4091
3242
8498
10410
1521
2081
2162
1773
4384
4276
3799
1611
8254
295
683
181
2746
6707
7688
4270
1096
4088
6466
4498
9287
3827
1063
10249
2047
4058
7105
3472
7298
2020
10685
4516
5467
3148
3279
10235
1742
9655
1155
4273
6656
5361
5380
4919
4805
3444
564
2895
8578
7453
10518
7550
1981
2842
881
8735
7039
7421
4220
6566
247
214
2251
7073
4353
6333
187
2147
678
6046
7121
277
4904
11153
7275
6893
6782
7715
6259
5714
3058
7142
3652
192
3166
9737
7725
11769
1089
1013
6467
5653
9235
7920
4319
7996
9899
10253
881
6995
7642
4524
1405
3411
3381
8801
8930
6005
4423
2466
2256
6459
11428
2195
6208
10810
982
1472
1782
3513
275
11847
6785
331
5992
10255
6334
6972
2012
2947
1790
4040
4424
7328
4956
2291
7285
1707
1706
6577
8904
1953
4678
6122
3289
7515
8255
1680
5549
9921
534
286
5841
6388
3578
13313
8740
2203
9992
4478
2835
8452
6338
3745
2190
2331
1732
11597
7176
6558
6387
3316
5309
613
268
7296
5323
7513
10048
9911
3626
7071
5877
8161
9779
5628
8993
5397
9204
8710
3926
8075
10804
5944
8540
4910
8407
3464
9310
10655
2366
3592
3793
1569
11441
11368
5128
6138
4920
13295
8236
12361
9417
2484
3721
6602
7586
7582
8386
3534
3379
982
10689
9857
1366
1952
6813
5058
3088
2165
10283
3714
8256
11646
7452
1620
5006
11281
5954
1236
8259
1740
2745
10067
9699
2198
6803
1317
7547
1595
9545
2066
5678
203
1106
9884
3685
9427
10031
7531
10321
3037
6630
4341
985
1849
9444
9407
2912
6134
390
6241
9633
5793
6783
1965
674
9574
299
2393
6444
11552
3404
1420
4554
8443
3203
11504
5978
8462
2708
4809
10940
6983
4444
2974
5495
5849
3233
9677
12511
6320
2153
5862
2884
5150
8196
6414
5101
6052
4081
1583
4250
11573
3053
2043
12904
9228
2880
8043
7790
7186
8717
13894
753
4474
1555
7921
2493
6112
11234
5522
9375
4624
3866
4663
4697
2990
6776
9248
4183
483
5961
1193
6402
4620
2735
3986
6469
3160
7173
4479
5821
9915
2435
6016
5794
1548
2137
8372
10311
5561
3670
1475
1328
3782
10271
10188
12556
4651
2417
9135
4861
591
6250
9720
8014
2093
1288
3230
4052
6735
1368
11233
4256
5185
4218
6177
9058
5416
1948
4150
11635
8397
10260
3309
1444
1540
8831
7398
1327
1114
1468
7524
8056
4653
9470
1126
5576
8467
3105
1628
2052
6773
1385
6377
2020
5391
4959
4013
2704
6954
5386
4059
1616
6696
11239
7915
419
6257
5152
764
7390
1232
591
7060
10762
4351
7131
2062
2684
10996
2846
