gcd
2
1
1
1
1
1
1
1
1
3
1
3
1
3
2
1
1
2
1
2
1
1
1
1
1
1
1
1
17
6
1
1
1
1
1
1
1
3
4
4
4
1
1
4
1
2
2
14
3
2
1
6
1
1
13
2
1
2
1
1
3
1
3
3
7
1
2
1
1
1
1
1
1
4
1
3
4
4
4
1
1
2
1
3
3
1
1
2
1
1
1
1
2
1
29
1
1
1
1
1
1
4
1
4
7
3
3
11
3
1
2
1
1
1
13
1
1
1
1
3
1
1
1
1
2
1
2
1
1
3
1
3
1
3
1
4
1
1
1
1
1
1
1
1
1
32
1
3
1
1
3
1
1
2
1
2
1
173
1
1
1
1
23
115
1
3
1
4
152
2
7
1
2
1
1
1
1
1
1
2
2
1
1
2
2
1
1
4
2
1
1
4
1
1
1
1
1
2
1
1
1
1
1
7
1
1
2
2
2
1
1
1
1
1
1
1
2
2
2
3
1
2
1
2
2
1
1
1
1
1
1
1
6
2
1
1
1
1
1
1
2
1
5
1
1
2
1
2
1
1
1
1
1
1
2
1
1
1
1
1
1
1
70
2
10
1
3
1
1
22
2
1
1
2
1
2
1
1
1
1
1
20
1436
10
20
2
4
1
1
3
1
1
1
1
1
2
1
2
2
1
1
1
6
16
4
1
1
1
1
17
1
1
1
1
1
1
1
1
1
3
27
1
3
4
1
4
1
4
1
1
1
19
1
7
1
6
3
1
1
1
1
1
1
1
20
8
20
1
1
1
1
2
1
1
1
1
1
1
1
6
1
1
5
2
2
2
2
1
1
2
3
1
1
3
1
1
2
1
67
2
1
1
1
1
1
3
1
2
2
2
3
1
1
1
14
14
1
2
1
1
2
1
1
1
1
1
1
4
8
2
224
1
1
1
1
1
1
2
2
2
86
1
3
1
1
3
3
1
3
4
22
1
4
1
2
2
1
6
5
1
1
1
1
1
1
7
2
1
1
1
1
1
9
1
1
2
2
2
1
1
2
1
15
1
1
1
1
2
3
1
1
3
1
3
1
2
4
1
1
1
1
1
1
1
1
1
1
4
1
4
4
1
4
1
1
2
2
2
2
2
98
2
1
4
1
1
1
1
1
3
3
1
4
1
1
1
5
6
2
2
2
1
3
1
1
1
1
1
11
1
16
1
4
1
2
2
2
2
1
1
1
1
1
3
1
1
1
1
1
1
1
1
1
1
1
1
2
1
8
2
2
1
2
1
1
1
1
1
1
35
2
6
6
2
2
1
2
1
1
1
1
1
1
1
1
2
2
4
4
4
1
3
3
23
1
1
1
2
1
1
2
1
1
1
2
8
1
1
1
1
1
1
1
1
2
2
1
1
2
1
1
1
1
20
1
1
1
2
3
2
1
1
1
1
1
4
1
1
1
141
1
3
3
1
1
2
2
1
5
1
1
1
1
12
1
68
1
3
3
1
1
1
2
1
2
2
1
1
1
1
32
5
1
2
1
40
5
1
1
1
2
2
1
1
1
2
1
2
2
1
15
3
3
1
2
1
34
1
1
1
1
29
1
6
1
1
19
1
1
1
3
5
116
2
1
1
1
1
1
1
1
1
1
2
1
1
1
4
1
1
1
2
1
1
5
29
5
1
1
2
1
2
2
1
2
2
1
1
1
3
3
1
1
1
1
1
2
5
3
3
1
1
1
3
1
2
1
1
1
2
3
3
1
6
2
6
1
1
1
1
1
1
1
1
7
1
1
2
1
1
1
1
1
1
24
1
1
2
2
1
1
1
1
1
1
2
1
2
1
1
13
1
2
3
1
1
1
1
1
1
20
1
1
3
1
3
1
3
1
1
1
1
4
3
1
1
1
1
1
5
1
2
1
1
1
1
1
3
1
3
1
1
2
2
2
1
1
1
1
1
1
1
2
2
3
1
1
1
1
5
1
1
3
1
1
1
1
1
1
2
2
2
1
1
2
1
7
11
1
1
12
12
1
6
1
2
1
1
1
1
3
1
9
1
3
2
2
1
1
2
1
1
1
1
1
1
1
30
1
1
851
1
1
2
1
1
1
1
3
1
1
1
2
2
1
2
2
1
1
5
1
1
1
2
7
301
1
14
1
1
1
1
1
1
1
1
32
4
1
1
1
9
1
7
1
1
1
1
1
4
1
3
1
1
1
1
2
1
2
1
2
1
5
1
15
5
4
1
10
1
1
1
1
1
1
538
2
1
2
1
