ln
3.784189633918261
2.772588722239781
2.302585092994046
3.258096538021482
3.6375861597263857
3.295836866004329
3.871201010907891
2.70805020110221
3.091042453358316
3.6635616461296463
3.4339872044851463
3.784189633918261
3.4011973816621555
3.091042453358316
1.9459101490553132
3.6635616461296463
2.8903717578961645
3.091042453358316
3.871201010907891
0.6931471805599453
3.4965075614664802
3.8066624897703196
3.8066624897703196
3.1354942159291497
2.1972245773362196
3.6375861597263857
3.332204510175204
2.5649493574615367
1.9459101490553132
3.713572066704308
2.302585092994046
3.367295829986474
3.332204510175204
3.4657359027997265
3.1780538303479458
3.58351893845611
3.8918202981106265
3.4657359027997265
3.1780538303479458
3.4011973816621555
1.6094379124341003
2.0794415416798357
2.4849066497880004
3.8066624897703196
3.367295829986474
3.8918202981106265
3.4965075614664802
2.772588722239781
3.6635616461296463
1.0986122886681098
3.332204510175204
3.912023005428146
2.4849066497880004
0
3.871201010907891
3.7612001156935624
3.6375861597263857
1.6094379124341003
2.833213344056216
3.871201010907891
3.4011973816621555
3.044522437723423
2.3978952727983707
3.871201010907891
3.4339872044851463
2.5649493574615367
3.332204510175204
1.0986122886681098
3.871201010907891
2.5649493574615367
2.833213344056216
3.6375861597263857
2.833213344056216
1.6094379124341003
1.791759469228055
2.70805020110221
3.7376696182833684
2.1972245773362196
3.828641396489095
2.833213344056216
2.8903717578961645
3.2188758248682006
2.772588722239781
2.0794415416798357
3.871201010907891
2.70805020110221
3.713572066704308
2.995732273553991
2.3978952727983707
2.70805020110221
3.6375861597263857
3.58351893845611
2.6390573296152584
3.332204510175204
3.8501476017100584
2.5649493574615367
2.772588722239781
2.995732273553991
3.828641396489095
2.9444389791664403
2.6390573296152584
3.1780538303479458
3.295836866004329
3.912023005428146
3.4965075614664802
3.6888794541139363
3.8501476017100584
1.3862943611198906
2.772588722239781
3.4657359027997265
3.58351893845611
3.4339872044851463
3.6635616461296463
3.828641396489095
3.784189633918261
2.833213344056216
3.367295829986474
3.828641396489095
2.8903717578961645
2.3978952727983707
3.2188758248682006
3.4011973816621555
2.833213344056216
1.791759469228055
3.784189633918261
3.6888794541139363
3.6375861597263857
2.4849066497880004
3.7612001156935624
3.367295829986474
3.044522437723423
2.1972245773362196
3.58351893845611
3.7612001156935624
2.3978952727983707
3.8066624897703196
3.4965075614664802
3.295836866004329
3.6375861597263857
2.833213344056216
3.7612001156935624
3.367295829986474
3.8066624897703196
3.4965075614664802
3.091042453358316
2.833213344056216
1.9459101490553132
3.8066624897703196
3.6635616461296463
3.6888794541139363
2.772588722239781
2.0794415416798357
3.5263605246161616
3.258096538021482
2.6390573296152584
3.713572066704308
3.1780538303479458
3.332204510175204
3.295836866004329
2.9444389791664403
3.367295829986474
2.302585092994046
3.5263605246161616
3.784189633918261
1.791759469228055
3.1354942159291497
3.912023005428146
2.9444389791664403
2.772588722239781
3.6109179126442243
3.258096538021482
1.0986122886681098
3.8501476017100584
3.332204510175204
3.044522437723423
3.912023005428146
3.1354942159291497
3.332204510175204
3.871201010907891
3.1780538303479458
3.784189633918261
3.4657359027997265
3.6635616461296463
1.6094379124341003
3.7376696182833684
3.871201010907891
3.2188758248682006
3.4339872044851463
3.2188758248682006
3.8918202981106265
3.713572066704308
2.4849066497880004
0
3.4965075614664802
1.791759469228055
2.5649493574615367
2.772588722239781
2.6390573296152584
3.1780538303479458
3.332204510175204
3.4011973816621555
3.784189633918261
2.70805020110221
3.8918202981106265
3.58351893845611
1.3862943611198906
2.9444389791664403
3.5263605246161616
1.9459101490553132
3.6888794541139363
2.772588722239781
2.995732273553991
2.833213344056216
3.5553480614894135
3.7612001156935624
1.3862943611198906
2.8903717578961645
3.1354942159291497
1.0986122886681098
1.9459101490553132
1.791759469228055
2.5649493574615367
3.4339872044851463
0.6931471805599453
3.1354942159291497
3.871201010907891
3.6375861597263857
1.9459101490553132
3.258096538021482
3.044522437723423
3.6375861597263857
3.6888794541139363
3.713572066704308
1.0986122886681098
2.6390573296152584
2.833213344056216
2.0794415416798357
2.302585092994046
2.0794415416798357
3.332204510175204
2.1972245773362196
3.6375861597263857
3.784189633918261
3.8066624897703196
3.784189633918261
3.1354942159291497
2.833213344056216
1.791759469228055
3.044522437723423
3.6888794541139363
3.367295829986474
1.9459101490553132
3.1780538303479458
3.1780538303479458
3.1354942159291497
3.912023005428146
2.6390573296152584
0
3.367295829986474
3.332204510175204
3.6375861597263857
3.258096538021482
0.6931471805599453
3.258096538021482
2.8903717578961645
0.6931471805599453
1.6094379124341003
1.0986122886681098
3.4339872044851463
2.70805020110221
3.332204510175204
3.8501476017100584
3.4657359027997265
1.6094379124341003
1.0986122886681098
2.6390573296152584
1.6094379124341003
1.9459101490553132
3.091042453358316
3.367295829986474
3.5553480614894135
2.0794415416798357
3.784189633918261
3.4011973816621555
3.6635616461296463
3.1780538303479458
2.70805020110221
2.833213344056216
1.791759469228055
3.713572066704308
3.7612001156935624
3.4011973816621555
3.6375861597263857
3.6635616461296463
3.7612001156935624
1.3862943611198906
2.772588722239781
3.7612001156935624
1.9459101490553132
3.8066624897703196
2.1972245773362196
1.0986122886681098
3.367295829986474
0
3.6375861597263857
2.8903717578961645
2.772588722239781
3.7376696182833684
2.772588722239781
2.833213344056216
3.295836866004329
3.58351893845611
2.5649493574615367
2.0794415416798357
3.713572066704308
3.4965075614664802
3.8066624897703196
1.3862943611198906
3.713572066704308
0
2.1972245773362196
3.367295829986474
2.1972245773362196
3.6375861597263857
3.5263605246161616
2.833213344056216
1.6094379124341003
3.7612001156935624
3.58351893845611
3.713572066704308
2.995732273553991
3.828641396489095
2.0794415416798357
2.9444389791664403
3.8918202981106265
3.784189633918261
2.772588722239781
3.828641396489095
3.1780538303479458
3.713572066704308
3.295836866004329
3.4339872044851463
1.0986122886681098
3.6109179126442243
3.4011973816621555
2.1972245773362196
3.713572066704308
2.5649493574615367
3.8918202981106265
3.4011973816621555
3.367295829986474
3.8501476017100584
2.9444389791664403
3.044522437723423
3.58351893845611
3.258096538021482
3.1354942159291497
2.995732273553991
3.2188758248682006
3.7612001156935624
3.1354942159291497
3.4965075614664802
3.4011973816621555
3.4657359027997265
1.9459101490553132
3.6109179126442243
2.5649493574615367
2.4849066497880004
1.3862943611198906
3.044522437723423
3.6109179126442243
3.1780538303479458
1.3862943611198906
3.4339872044851463
3.871201010907891
1.3862943611198906
0
3.4965075614664802
3.713572066704308
3.871201010907891
2.1972245773362196
2.3978952727983707
1.0986122886681098
3.713572066704308
3.871201010907891
3.7376696182833684
1.0986122886681098
2.9444389791664403
2.4849066497880004
2.0794415416798357
3.1354942159291497
2.5649493574615367
3.7612001156935624
3.828641396489095
3.6888794541139363
2.302585092994046
2.0794415416798357
3.8918202981106265
2.70805020110221
2.302585092994046
2.772588722239781
2.833213344056216
2.995732273553991
3.4965075614664802
2.6390573296152584
3.784189633918261
3.4657359027997265
2.70805020110221
2.3978952727983707
1.6094379124341003
3.6109179126442243
3.871201010907891
3.7612001156935624
3.58351893845611
3.6888794541139363
0.6931471805599453
3.6635616461296463
3.6109179126442243
3.6635616461296463
2.995732273553991
2.772588722239781
2.302585092994046
0
3.8501476017100584
3.091042453358316
3.4965075614664802
1.9459101490553132
2.4849066497880004
2.833213344056216
3.1354942159291497
2.8903717578961645
3.258096538021482
3.1354942159291497
3.8501476017100584
3.8066624897703196
3.4011973816621555
1.791759469228055
2.1972245773362196
3.828641396489095
0
2.833213344056216
3.871201010907891
3.332204510175204
3.6888794541139363
2.772588722239781
3.295836866004329
1.6094379124341003
3.828641396489095
2.9444389791664403
2.70805020110221
3.4011973816621555
3.6635616461296463
2.8903717578961645
1.9459101490553132
3.5553480614894135
2.302585092994046
3.4339872044851463
3.4011973816621555
3.784189633918261
3.091042453358316
1.791759469228055
2.8903717578961645
2.3978952727983707
3.5263605246161616
3.828641396489095
1.3862943611198906
2.0794415416798357
3.912023005428146
3.258096538021482
2.5649493574615367
2.833213344056216
2.833213344056216
3.2188758248682006
2.4849066497880004
2.8903717578961645
3.4011973816621555
0
0.6931471805599453
2.70805020110221
3.295836866004329
3.7376696182833684
3.58351893845611
2.302585092994046
2.0794415416798357
2.772588722239781
1.0986122886681098
3.7612001156935624
2.6390573296152584
3.4657359027997265
3.295836866004329
2.4849066497880004
3.044522437723423
3.2188758248682006
3.7612001156935624
3.8918202981106265
3.4965075614664802
3.912023005428146
2.6390573296152584
3.784189633918261
3.1354942159291497
2.0794415416798357
2.1972245773362196
3.5553480614894135
3.6109179126442243
3.713572066704308
3.4965075614664802
3.4011973816621555
2.70805020110221
2.5649493574615367
3.7612001156935624
2.995732273553991
3.4657359027997265
3.871201010907891
3.6375861597263857
3.7376696182833684
2.772588722239781
2.6390573296152584
2.302585092994046
3.5263605246161616
3.6375861597263857
2.1972245773362196
0.6931471805599453
2.5649493574615367
3.295836866004329
3.1780538303479458
2.8903717578961645
2.772588722239781
2.9444389791664403
3.332204510175204
3.4965075614664802
3.8501476017100584
3.367295829986474
3.6109179126442243
3.2188758248682006
2.5649493574615367
3.258096538021482
2.70805020110221
3.828641396489095
0.6931471805599453
3.7612001156935624
3.044522437723423
3.58351893845611
2.70805020110221
3.828641396489095
3.8918202981106265
2.9444389791664403
3.367295829986474
3.5553480614894135
1.9459101490553132
3.7612001156935624
3.58351893845611
2.70805020110221
3.8501476017100584
3.784189633918261
3.4011973816621555
2.70805020110221
3.7612001156935624
3.332204510175204
1.0986122886681098
1.6094379124341003
3.8501476017100584
0.6931471805599453
0
2.70805020110221
3.5263605246161616
3.091042453358316
1.6094379124341003
3.784189633918261
3.8501476017100584
2.0794415416798357
3.8918202981106265
3.295836866004329
2.1972245773362196
2.8903717578961645
3.912023005428146
1.6094379124341003
3.367295829986474
2.1972245773362196
3.6635616461296463
2.8903717578961645
2.833213344056216
3.4657359027997265
1.791759469228055
2.0794415416798357
0.6931471805599453
2.772588722239781
3.367295829986474
3.784189633918261
1.3862943611198906
3.332204510175204
3.871201010907891
3.784189633918261
2.4849066497880004
2.0794415416798357
3.6375861597263857
3.4965075614664802
2.6390573296152584
3.7376696182833684
3.828641396489095
3.258096538021482
2.9444389791664403
3.332204510175204
2.70805020110221
0
3.1780538303479458
3.912023005428146
3.295836866004329
0
2.3978952727983707
3.4965075614664802
3.828641396489095
2.4849066497880004
3.5553480614894135
3.8501476017100584
3.784189633918261
3.091042453358316
0
2.1972245773362196
2.0794415416798357
2.9444389791664403
3.258096538021482
3.5553480614894135
3.6888794541139363
0
2.4849066497880004
3.332204510175204
2.833213344056216
3.367295829986474
2.833213344056216
2.8903717578961645
3.6635616461296463
2.1972245773362196
3.1780538303479458
2.70805020110221
3.367295829986474
3.258096538021482
0.6931471805599453
0.6931471805599453
3.784189633918261
2.833213344056216
3.4011973816621555
2.995732273553991
0.6931471805599453
2.9444389791664403
1.9459101490553132
2.1972245773362196
2.3978952727983707
3.784189633918261
3.4657359027997265
2.833213344056216
3.332204510175204
2.9444389791664403
2.302585092994046
3.7376696182833684
3.6109179126442243
2.4849066497880004
3.4657359027997265
3.828641396489095
3.6109179126442243
2.0794415416798357
3.6888794541139363
3.258096538021482
3.258096538021482
2.0794415416798357
3.1780538303479458
3.4965075614664802
1.791759469228055
3.7376696182833684
3.367295829986474
2.9444389791664403
3.1354942159291497
1.3862943611198906
2.3978952727983707
2.70805020110221
3.6635616461296463
1.6094379124341003
3.1354942159291497
3.4011973816621555
3.4965075614664802
2.833213344056216
3.6109179126442243
3.091042453358316
2.833213344056216
3.6635616461296463
3.828641396489095
3.4965075614664802
3.7612001156935624
3.4339872044851463
3.871201010907891
1.3862943611198906
2.302585092994046
2.9444389791664403
3.6375861597263857
3.8918202981106265
2.6390573296152584
3.58351893845611
3.8066624897703196
1.9459101490553132
1.3862943611198906
3.044522437723423
3.6109179126442243
3.2188758248682006
1.791759469228055
3.6375861597263857
2.8903717578961645
3.8066624897703196
3.5553480614894135
3.044522437723423
3.4011973816621555
3.6635616461296463
1.9459101490553132
2.0794415416798357
3.2188758248682006
2.302585092994046
3.5263605246161616
2.70805020110221
3.258096538021482
2.9444389791664403
3.367295829986474
3.4339872044851463
2.4849066497880004
3.58351893845611
2.5649493574615367
3.367295829986474
2.4849066497880004
3.4011973816621555
3.5553480614894135
2.0794415416798357
1.9459101490553132
3.367295829986474
2.302585092994046
1.9459101490553132
3.1354942159291497
2.9444389791664403
1.0986122886681098
3.044522437723423
3.784189633918261
3.912023005428146
3.6635616461296463
1.3862943611198906
3.2188758248682006
3.912023005428146
3.5263605246161616
3.6109179126442243
2.4849066497880004
3.4339872044851463
3.1354942159291497
2.8903717578961645
1.3862943611198906
3.6375861597263857
3.332204510175204
2.70805020110221
1.791759469228055
2.0794415416798357
3.8066624897703196
3.5263605246161616
1.0986122886681098
2.3978952727983707
3.1354942159291497
2.0794415416798357
3.5553480614894135
3.091042453358316
3.5263605246161616
2.1972245773362196
3.58351893845611
3.7376696182833684
3.58351893845611
3.8501476017100584
2.9444389791664403
3.8501476017100584
3.258096538021482
3.8501476017100584
2.772588722239781
3.871201010907891
2.0794415416798357
2.302585092994046
2.3978952727983707
3.5553480614894135
2.3978952727983707
3.5553480614894135
2.3978952727983707
3.6109179126442243
1.0986122886681098
3.7612001156935624
3.5263605246161616
3.332204510175204
3.713572066704308
3.912023005428146
3.1354942159291497
2.8903717578961645
3.1780538303479458
3.7612001156935624
3.784189633918261
3.58351893845611
3.8066624897703196
3.58351893845611
2.8903717578961645
3.6109179126442243
3.091042453358316
3.7612001156935624
3.258096538021482
3.58351893845611
3.8918202981106265
3.8066624897703196
1.9459101490553132
3.1780538303479458
3.871201010907891
3.8066624897703196
3.5553480614894135
3.2188758248682006
1.6094379124341003
3.258096538021482
3.8501476017100584
1.6094379124341003
3.7376696182833684
0
3.4339872044851463
1.6094379124341003
3.912023005428146
3.828641396489095
3.8918202981106265
3.7612001156935624
2.833213344056216
3.4657359027997265
2.1972245773362196
3.7376696182833684
3.4339872044851463
3.713572066704308
2.995732273553991
3.2188758248682006
3.044522437723423
3.871201010907891
3.258096538021482
3.2188758248682006
3.4339872044851463
3.8918202981106265
3.295836866004329
3.5263605246161616
3.091042453358316
3.332204510175204
3.7376696182833684
1.791759469228055
3.332204510175204
1.9459101490553132
3.871201010907891
2.772588722239781
3.2188758248682006
3.6635616461296463
3.1780538303479458
1.6094379124341003
3.367295829986474
3.5263605246161616
2.5649493574615367
3.6375861597263857
3.258096538021482
3.6375861597263857
2.995732273553991
3.367295829986474
3.5553480614894135
2.6390573296152584
2.6390573296152584
1.6094379124341003
1.0986122886681098
1.9459101490553132
2.4849066497880004
3.8918202981106265
3.58351893845611
3.4339872044851463
2.302585092994046
3.367295829986474
3.332204510175204
2.1972245773362196
2.0794415416798357
2.833213344056216
0.6931471805599453
3.6888794541139363
3.295836866004329
3.912023005428146
1.0986122886681098
3.4657359027997265
2.8903717578961645
3.295836866004329
2.3978952727983707
3.828641396489095
3.5263605246161616
3.332204510175204
3.871201010907891
3.1354942159291497
3.6888794541139363
3.4339872044851463
3.6888794541139363
3.912023005428146
3.1354942159291497
3.6375861597263857
3.4965075614664802
3.784189633918261
2.9444389791664403
3.58351893845611
3.5263605246161616
3.871201010907891
3.7612001156935624
0
2.8903717578961645
3.091042453358316
3.871201010907891
2.8903717578961645
2.6390573296152584
3.332204510175204
2.6390573296152584
3.5553480614894135
2.833213344056216
3.6109179126442243
3.784189633918261
3.044522437723423
2.9444389791664403
3.091042453358316
1.791759469228055
3.367295829986474
2.1972245773362196
0.6931471805599453
2.1972245773362196
3.7612001156935624
3.58351893845611
2.833213344056216
3.8918202981106265
3.1354942159291497
3.2188758248682006
3.8066624897703196
3.091042453358316
2.1972245773362196
3.7612001156935624
1.9459101490553132
1.9459101490553132
2.9444389791664403
3.7376696182833684
3.8918202981106265
3.58351893845611
3.367295829986474
3.8066624897703196
2.833213344056216
3.4657359027997265
3.332204510175204
2.302585092994046
2.8903717578961645
2.0794415416798357
0
2.995732273553991
3.091042453358316
3.912023005428146
1.6094379124341003
3.295836866004329
2.3978952727983707
1.3862943611198906
3.4011973816621555
3.6635616461296463
3.1354942159291497
3.1780538303479458
2.1972245773362196
3.6888794541139363
3.258096538021482
3.5263605246161616
3.332204510175204
2.8903717578961645
2.70805020110221
1.791759469228055
2.9444389791664403
3.58351893845611
3.58351893845611
0
2.0794415416798357
3.044522437723423
2.9444389791664403
2.1972245773362196
3.367295829986474
0.6931471805599453
3.8501476017100584
3.6109179126442243
2.1972245773362196
2.1972245773362196
3.4011973816621555
3.1780538303479458
1.3862943611198906
3.6635616461296463
2.70805020110221
3.7612001156935624
3.044522437723423
3.8066624897703196
1.6094379124341003
3.6109179126442243
1.6094379124341003
2.9444389791664403
2.772588722239781
1.0986122886681098
2.0794415416798357
1.6094379124341003
2.5649493574615367
2.772588722239781
3.8066624897703196
1.9459101490553132
3.8918202981106265
