ln
3.3322045101752039
3.0910424533583159
1.7917594692280550
3.1354942159291497
3.3322045101752039
3.2188758248682007
2.0794415416798359
3.4657359027997265
1.0986122886681097
2.4849066497880003
2.3978952727983705
3.8066624897703198
2.6390573296152586
3.7841896339182612
1.9459101490553133
1.7917594692280550
3.6888794541139363
3.4965075614664802
2.5649493574615367
3.6635616461296464
2.8903717578961647
1.0986122886681097
3.1780538303479456
3.3672958299864740
3.0910424533583159
3.7841896339182612
3.2188758248682007
3.6375861597263858
2.8332133440562161
3.0445224377234230
3.8066624897703198
3.2188758248682007
3.5835189384561100
3.3672958299864740
2.1972245773362194
2.8903717578961647
3.5263605246161614
2.7725887222397812
3.1780538303479456
3.7135720667043078
3.6375861597263858
3.7841896339182612
1.3862943611198906
3.6888794541139363
3.7376696182833683
2.9957322735539910
3.0445224377234230
3.0445224377234230
2.7080502011022101
1.3862943611198906
2.6390573296152586
3.1354942159291497
3.5553480614894137
2.8332133440562161
3.5835189384561100
3.0910424533583159
3.0445224377234230
3.8501476017100586
3.5553480614894137
3.6888794541139363
2.9444389791664405
3.6635616461296464
3.8286413964890950
0.6931471805599453
3.8712010109078909
3.6635616461296464
3.7376696182833683
3.4657359027997265
3.2958368660043291
2.9444389791664405
3.5263605246161614
3.8066624897703198
3.8918202981106266
3.6109179126442244
3.7135720667043078
2.0794415416798359
3.8066624897703198
1.3862943611198906
3.6375861597263858
2.9444389791664405
3.3672958299864740
1.9459101490553133
2.9957322735539910
3.8286413964890950
2.8903717578961647
3.5835189384561100
1.3862943611198906
3.1780538303479456
2.3978952727983705
3.6888794541139363
3.7135720667043078
2.9444389791664405
3.7841896339182612
3.4011973816621554
3.7135720667043078
3.5553480614894137
0.6931471805599453
1.3862943611198906
3.9120230054281461
2.3978952727983705
3.4011973816621554
3.6375861597263858
3.3672958299864740
3.9120230054281461
3.1780538303479456
1.3862943611198906
3.4965075614664802
2.5649493574615367
1.6094379124341004
2.6390573296152586
3.1780538303479456
3.5263605246161614
3.8286413964890950
3.6375861597263858
3.8501476017100586
2.7080502011022101
2.7725887222397812
3.7376696182833683
3.6888794541139363
0.0000000000000000
3.0445224377234230
3.3322045101752039
2.7725887222397812
3.2188758248682007
3.7612001156935624
3.4965075614664802
3.8712010109078909
3.3672958299864740
3.6635616461296464
0.6931471805599453
2.9444389791664405
2.3978952727983705
3.4339872044851462
3.5263605246161614
2.5649493574615367
3.7135720667043078
3.1354942159291497
3.8501476017100586
3.4965075614664802
3.0445224377234230
2.3978952727983705
3.2188758248682007
3.7135720667043078
0.6931471805599453
3.4011973816621554
1.6094379124341004
3.4657359027997265
2.5649493574615367
2.7080502011022101
3.3322045101752039
3.6635616461296464
3.8286413964890950
3.8712010109078909
3.7612001156935624
3.6635616461296464
2.3025850929940457
0.6931471805599453
3.7612001156935624
3.7135720667043078
2.8332133440562161
3.2188758248682007
3.3322045101752039
2.0794415416798359
3.5263605246161614
3.8918202981106266
3.6375861597263858
2.7725887222397812
3.5835189384561100
3.6635616461296464
2.8903717578961647
2.5649493574615367
3.7612001156935624
3.8286413964890950
3.8918202981106266
3.6109179126442244
2.8332133440562161
0.6931471805599453
2.3978952727983705
1.6094379124341004
2.1972245773362194
3.9120230054281461
3.8066624897703198
3.4657359027997265
3.7376696182833683
3.8066624897703198
2.9444389791664405
2.7080502011022101
3.5835189384561100
2.6390573296152586
2.3978952727983705
3.2580965380214820
3.2958368660043291
3.4011973816621554
3.3322045101752039
3.8066624897703198
2.7725887222397812
3.5263605246161614
2.0794415416798359
1.6094379124341004
2.9444389791664405
2.7080502011022101
2.0794415416798359
2.9957322735539910
2.7080502011022101
3.6635616461296464
3.7135720667043078
3.2188758248682007
2.4849066497880003
3.5553480614894137
3.9120230054281461
3.1354942159291497
3.5835189384561100
0.0000000000000000
3.8286413964890950
3.2188758248682007
3.4011973816621554
3.8918202981106266
2.0794415416798359
2.3978952727983705
2.8332133440562161
3.1780538303479456
2.9957322735539910
3.8712010109078909
3.8501476017100586
2.3025850929940457
2.7080502011022101
3.8501476017100586
3.6375861597263858
1.7917594692280550
2.4849066497880003
2.0794415416798359
3.5553480614894137
3.7841896339182612
3.7612001156935624
1.7917594692280550
2.5649493574615367
1.9459101490553133
3.1354942159291497
3.5263605246161614
1.0986122886681097
2.7725887222397812
2.3025850929940457
3.5263605246161614
3.1780538303479456
3.8066624897703198
1.6094379124341004
3.4965075614664802
3.0445224377234230
3.4657359027997265
2.8332133440562161
3.6635616461296464
3.5835189384561100
3.4965075614664802
2.1972245773362194
3.8918202981106266
2.0794415416798359
3.6375861597263858
3.0910424533583159
1.0986122886681097
3.7612001156935624
3.1780538303479456
2.0794415416798359
1.0986122886681097
3.2580965380214820
3.0445224377234230
1.7917594692280550
3.7135720667043078
2.9957322735539910
2.8903717578961647
3.1354942159291497
1.0986122886681097
3.5263605246161614
3.8066624897703198
3.5553480614894137
3.8918202981106266
3.0910424533583159
3.7135720667043078
2.3025850929940457
3.1780538303479456
0.0000000000000000
2.3025850929940457
3.9120230054281461
1.7917594692280550
2.6390573296152586
2.7725887222397812
3.4011973816621554
3.5835189384561100
3.8918202981106266
3.1780538303479456
2.6390573296152586
1.6094379124341004
3.0445224377234230
3.0445224377234230
3.0910424533583159
3.6375861597263858
2.6390573296152586
2.7725887222397812
2.8332133440562161
3.5553480614894137
2.0794415416798359
2.7080502011022101
2.8903717578961647
3.0445224377234230
3.1780538303479456
3.6635616461296464
1.3862943611198906
3.2580965380214820
3.6635616461296464
2.7725887222397812
1.6094379124341004
2.3978952727983705
1.7917594692280550
0.6931471805599453
3.4011973816621554
3.7376696182833683
0.6931471805599453
3.2580965380214820
3.8066624897703198
2.8903717578961647
3.5835189384561100
3.5835189384561100
0.0000000000000000
3.2188758248682007
3.8066624897703198
0.0000000000000000
2.8903717578961647
2.8903717578961647
2.7725887222397812
3.8501476017100586
3.5263605246161614
3.4965075614664802
3.0445224377234230
3.8501476017100586
2.6390573296152586
3.5553480614894137
2.3025850929940457
1.9459101490553133
3.8286413964890950
2.9957322735539910
3.2580965380214820
3.4965075614664802
1.6094379124341004
3.2958368660043291
3.4657359027997265
2.5649493574615367
2.3025850929940457
3.6888794541139363
3.8066624897703198
3.6888794541139363
1.9459101490553133
3.9120230054281461
3.4965075614664802
3.1780538303479456
2.5649493574615367
2.8332133440562161
3.6375861597263858
3.4011973816621554
2.3978952727983705
3.2188758248682007
2.6390573296152586
3.4965075614664802
3.6375861597263858
3.7612001156935624
2.9957322735539910
3.8066624897703198
0.6931471805599453
3.0445224377234230
2.7725887222397812
3.8286413964890950
3.6888794541139363
3.5835189384561100
3.3672958299864740
3.5553480614894137
1.9459101490553133
2.3978952727983705
3.1780538303479456
3.1354942159291497
2.8332133440562161
2.7080502011022101
3.7376696182833683
3.8066624897703198
3.4011973816621554
2.1972245773362194
2.3025850929940457
3.8501476017100586
3.4965075614664802
3.7841896339182612
2.8903717578961647
1.6094379124341004
0.0000000000000000
2.5649493574615367
3.8501476017100586
1.6094379124341004
3.6109179126442244
3.6375861597263858
3.7841896339182612
2.8903717578961647
2.8332133440562161
2.9444389791664405
3.8918202981106266
3.1780538303479456
3.1354942159291497
3.4011973816621554
3.9120230054281461
3.2188758248682007
3.8918202981106266
1.9459101490553133
3.2188758248682007
3.6109179126442244
2.7725887222397812
3.3322045101752039
3.4011973816621554
3.4011973816621554
2.3978952727983705
3.2188758248682007
2.4849066497880003
3.0445224377234230
1.9459101490553133
2.7725887222397812
2.3978952727983705
3.3322045101752039
3.5263605246161614
2.9957322735539910
3.8066624897703198
3.5835189384561100
3.7376696182833683
3.7841896339182612
3.7135720667043078
3.7135720667043078
3.0910424533583159
3.6109179126442244
3.4339872044851462
3.3322045101752039
2.8332133440562161
1.0986122886681097
3.8501476017100586
3.8918202981106266
3.1354942159291497
3.8501476017100586
3.6109179126442244
1.9459101490553133
3.6635616461296464
3.4339872044851462
3.8066624897703198
3.8918202981106266
3.5835189384561100
0.0000000000000000
3.6375861597263858
3.2958368660043291
3.6109179126442244
3.6375861597263858
2.7080502011022101
2.0794415416798359
3.0445224377234230
2.0794415416798359
3.2188758248682007
2.4849066497880003
0.6931471805599453
2.5649493574615367
3.8918202981106266
3.5553480614894137
3.4657359027997265
3.7841896339182612
2.9444389791664405
3.6888794541139363
3.2188758248682007
3.1780538303479456
2.7080502011022101
1.7917594692280550
3.4657359027997265
2.9444389791664405
2.8903717578961647
3.6635616461296464
2.7080502011022101
3.5263605246161614
2.3025850929940457
3.8066624897703198
0.6931471805599453
3.1780538303479456
2.8332133440562161
1.0986122886681097
1.0986122886681097
3.7612001156935624
2.9444389791664405
2.3025850929940457
3.2188758248682007
3.8918202981106266
0.6931471805599453
3.8712010109078909
3.7612001156935624
2.8332133440562161
3.7612001156935624
3.1354942159291497
2.8332133440562161
3.3322045101752039
3.7612001156935624
2.7725887222397812
2.7725887222397812
1.6094379124341004
3.4657359027997265
2.6390573296152586
3.7376696182833683
3.7841896339182612
3.4965075614664802
3.4657359027997265
2.8332133440562161
0.0000000000000000
0.6931471805599453
3.9120230054281461
3.2580965380214820
2.8903717578961647
3.7376696182833683
3.3672958299864740
2.3025850929940457
3.5835189384561100
3.5263605246161614
3.7612001156935624
2.0794415416798359
3.9120230054281461
3.4657359027997265
2.8903717578961647
2.3978952727983705
2.9444389791664405
3.4011973816621554
1.9459101490553133
2.5649493574615367
3.7841896339182612
3.3322045101752039
2.9957322735539910
2.9444389791664405
2.7080502011022101
3.2188758248682007
2.3025850929940457
1.9459101490553133
3.4011973816621554
3.6109179126442244
2.5649493574615367
1.7917594692280550
2.8332133440562161
3.6109179126442244
3.8286413964890950
3.1780538303479456
2.1972245773362194
3.5553480614894137
3.1780538303479456
3.5835189384561100
3.4339872044851462
3.4339872044851462
1.9459101490553133
3.8286413964890950
3.7135720667043078
3.5835189384561100
3.2188758248682007
3.2188758248682007
3.4965075614664802
2.0794415416798359
3.0910424533583159
3.8712010109078909
2.4849066497880003
3.8286413964890950
2.9444389791664405
2.8903717578961647
2.9444389791664405
3.6375861597263858
3.0445224377234230
2.7080502011022101
3.6375861597263858
2.8903717578961647
3.6375861597263858
2.7080502011022101
2.1972245773362194
3.2188758248682007
3.8918202981106266
2.8332133440562161
2.3025850929940457
2.0794415416798359
0.0000000000000000
3.7612001156935624
3.7376696182833683
3.5263605246161614
3.8918202981106266
3.0445224377234230
3.0445224377234230
3.6635616461296464
3.5553480614894137
3.6109179126442244
3.4011973816621554
2.9444389791664405
2.6390573296152586
3.2188758248682007
3.7376696182833683
3.8066624897703198
3.2580965380214820
3.7841896339182612
2.8332133440562161
1.9459101490553133
3.5835189384561100
2.1972245773362194
3.7135720667043078
3.8712010109078909
3.8712010109078909
1.0986122886681097
3.2958368660043291
3.4011973816621554
3.6109179126442244
2.9957322735539910
1.0986122886681097
3.7135720667043078
2.7725887222397812
3.6375861597263858
3.8066624897703198
3.1780538303479456
3.1780538303479456
3.4339872044851462
3.0910424533583159
2.5649493574615367
3.8712010109078909
3.8712010109078909
3.5553480614894137
3.1354942159291497
1.0986122886681097
3.2188758248682007
3.6375861597263858
3.4339872044851462
3.7376696182833683
3.0910424533583159
0.0000000000000000
3.7612001156935624
3.2958368660043291
3.1354942159291497
2.7080502011022101
2.7725887222397812
0.0000000000000000
3.0445224377234230
2.7080502011022101
3.1354942159291497
3.3672958299864740
0.6931471805599453
2.9957322735539910
2.9444389791664405
3.7376696182833683
3.1780538303479456
3.6635616461296464
3.2958368660043291
3.5553480614894137
1.0986122886681097
3.3672958299864740
2.7080502011022101
3.0445224377234230
3.8286413964890950
3.5553480614894137
3.4339872044851462
3.3322045101752039
1.6094379124341004
3.3322045101752039
3.7135720667043078
3.6888794541139363
3.7841896339182612
3.9120230054281461
2.9957322735539910
3.5263605246161614
3.4965075614664802
3.8066624897703198
3.4011973816621554
3.4011973816621554
3.3322045101752039
2.8332133440562161
3.7376696182833683
2.3978952727983705
3.4011973816621554
3.9120230054281461
3.1780538303479456
2.9957322735539910
3.0445224377234230
3.3672958299864740
2.9957322735539910
0.6931471805599453
3.7135720667043078
1.9459101490553133
2.3978952727983705
3.6635616461296464
2.3025850929940457
3.4965075614664802
2.6390573296152586
3.4657359027997265
2.7080502011022101
0.0000000000000000
2.5649493574615367
3.3672958299864740
3.7841896339182612
1.6094379124341004
0.6931471805599453
3.9120230054281461
1.9459101490553133
3.4339872044851462
3.4965075614664802
3.2580965380214820
3.1354942159291497
2.1972245773362194
3.5835189384561100
3.1780538303479456
1.3862943611198906
1.0986122886681097
3.1780538303479456
3.4339872044851462
1.9459101490553133
3.8286413964890950
3.2958368660043291
3.8918202981106266
3.3322045101752039
3.1354942159291497
3.8918202981106266
3.6635616461296464
3.2188758248682007
3.8918202981106266
3.6109179126442244
2.9957322735539910
2.8332133440562161
3.5553480614894137
3.4011973816621554
3.4011973816621554
1.3862943611198906
3.3672958299864740
3.4011973816621554
3.9120230054281461
2.8332133440562161
3.6635616461296464
2.9957322735539910
3.3672958299864740
3.5835189384561100
3.7612001156935624
3.6375861597263858
2.3025850929940457
3.6635616461296464
2.5649493574615367
3.8501476017100586
3.7841896339182612
0.0000000000000000
3.4339872044851462
3.7135720667043078
0.6931471805599453
1.0986122886681097
3.3322045101752039
1.9459101490553133
3.5263605246161614
3.4657359027997265
3.2580965380214820
3.6375861597263858
3.9120230054281461
2.7080502011022101
2.9444389791664405
3.4965075614664802
3.6888794541139363
2.0794415416798359
1.6094379124341004
3.2580965380214820
1.6094379124341004
3.4011973816621554
3.8066624897703198
2.4849066497880003
2.5649493574615367
1.6094379124341004
3.7135720667043078
3.7135720667043078
3.3672958299864740
1.0986122886681097
3.6375861597263858
3.6888794541139363
1.7917594692280550
3.4011973816621554
3.5263605246161614
3.5263605246161614
3.4011973816621554
3.0445224377234230
3.6375861597263858
3.4339872044851462
3.6109179126442244
0.0000000000000000
3.7135720667043078
3.8066624897703198
1.3862943611198906
3.8501476017100586
3.6888794541139363
3.4011973816621554
3.2958368660043291
2.4849066497880003
3.5835189384561100
2.8903717578961647
2.3978952727983705
3.0910424533583159
3.8066624897703198
2.7080502011022101
2.7080502011022101
3.8918202981106266
3.6888794541139363
0.6931471805599453
3.6109179126442244
3.0445224377234230
3.5553480614894137
3.8712010109078909
2.8903717578961647
3.8286413964890950
3.7376696182833683
2.0794415416798359
1.3862943611198906
3.2958368660043291
3.6888794541139363
2.8332133440562161
3.6375861597263858
2.8332133440562161
1.3862943611198906
2.8903717578961647
3.3672958299864740
3.4657359027997265
2.0794415416798359
2.6390573296152586
3.1780538303479456
3.4339872044851462
2.6390573296152586
3.9120230054281461
3.5553480614894137
1.9459101490553133
3.7376696182833683
3.6635616461296464
3.0910424533583159
3.0910424533583159
3.8501476017100586
2.0794415416798359
2.8903717578961647
2.7080502011022101
3.6109179126442244
3.6109179126442244
1.3862943611198906
1.6094379124341004
3.8712010109078909
3.4657359027997265
3.4339872044851462
3.6635616461296464
3.4965075614664802
1.3862943611198906
1.9459101490553133
2.8903717578961647
3.4011973816621554
1.0986122886681097
3.3672958299864740
3.8286413964890950
3.6375861597263858
0.6931471805599453
3.5835189384561100
3.5553480614894137
3.3672958299864740
3.7841896339182612
1.3862943611198906
3.1354942159291497
2.0794415416798359
2.9444389791664405
1.0986122886681097
3.5553480614894137
3.4339872044851462
1.9459101490553133
2.8903717578961647
3.4965075614664802
0.0000000000000000
3.6635616461296464
3.8066624897703198
2.9957322735539910
2.9444389791664405
3.8712010109078909
3.4339872044851462
3.2580965380214820
3.3322045101752039
3.6888794541139363
3.6635616461296464
3.7135720667043078
1.3862943611198906
3.8712010109078909
2.8332133440562161
3.7612001156935624
3.7376696182833683
3.4011973816621554
3.6109179126442244
2.3978952727983705
1.7917594692280550
3.4657359027997265
3.4339872044851462
2.0794415416798359
3.3322045101752039
3.4011973816621554
2.9444389791664405
3.6109179126442244
3.3322045101752039
3.6109179126442244
3.7376696182833683
3.6888794541139363
3.4657359027997265
3.6888794541139363
3.2580965380214820
2.8332133440562161
2.9957322735539910
2.8332133440562161
3.3322045101752039
3.5553480614894137
3.2188758248682007
2.3025850929940457
3.1780538303479456
3.8501476017100586
3.1780538303479456
3.7612001156935624
2.6390573296152586
3.9120230054281461
3.2188758248682007
2.9444389791664405
3.1780538303479456
2.9957322735539910
3.6109179126442244
3.9120230054281461
3.0445224377234230
2.5649493574615367
2.0794415416798359
1.3862943611198906
3.7135720667043078
2.3025850929940457
3.2580965380214820
3.3672958299864740
2.3025850929940457
3.4965075614664802
3.6888794541139363
2.3978952727983705
1.7917594692280550
3.6375861597263858
3.8066624897703198
3.6109179126442244
2.5649493574615367
3.4965075614664802
3.1354942159291497
2.7080502011022101
3.8712010109078909
2.9444389791664405
3.2188758248682007
2.6390573296152586
0.6931471805599453
3.6109179126442244
3.2958368660043291
3.7612001156935624
3.8712010109078909
3.0910424533583159
1.3862943611198906
1.3862943611198906
3.5263605246161614
3.5553480614894137
3.1780538303479456
3.6109179126442244
3.2958368660043291
3.2958368660043291
3.9120230054281461
3.5835189384561100
3.1354942159291497
1.7917594692280550
3.6109179126442244
3.8066624897703198
0.0000000000000000
1.6094379124341004
2.3025850929940457
3.1354942159291497
3.7376696182833683
2.4849066497880003
3.6109179126442244
2.9444389791664405
3.4339872044851462
3.6635616461296464
1.9459101490553133
3.4657359027997265
3.6888794541139363
3.8712010109078909
3.6375861597263858
3.5263605246161614
3.5263605246161614
2.8332133440562161
2.7725887222397812
1.6094379124341004
3.3672958299864740
3.8066624897703198
3.0910424533583159
3.5263605246161614
1.9459101490553133
3.8918202981106266
3.2580965380214820
3.8286413964890950
3.2958368660043291
3.5553480614894137
3.5553480614894137
1.3862943611198906
1.6094379124341004
2.3025850929940457
3.7135720667043078
0.0000000000000000
3.6375861597263858
2.4849066497880003
2.5649493574615367
3.7612001156935624
