log
1.2787536009528290
1.5314789170422551
1.5440680443502756
1.4313637641589873
1.3979400086720376
1.1461280356782380
1.2552725051033061
1.5682017240669950
1.5185139398778875
0.6020599913279624
1.1139433523068368
1.1461280356782380
0.6989700043360188
1.4471580313422192
1.6020599913279624
0.6989700043360188
0.3010299956639812
1.2041199826559248
1.6334684555795865
1.3222192947339193
1.4471580313422192
1.6720978579357175
1.5910646070264992
1.6812412373755872
1.3617278360175929
1.6627578316815741
0.3010299956639812
0.0000000000000000
1.5185139398778875
1.4771212547196624
1.3222192947339193
1.1139433523068368
1.5440680443502756
1.0413926851582250
1.5440680443502756
1.5682017240669950
1.4471580313422192
1.6627578316815741
0.6989700043360188
1.4913616938342727
1.6627578316815741
0.4771212547196624
0.7781512503836436
1.4471580313422192
1.5682017240669950
1.5910646070264992
1.3802112417116060
1.6532125137753437
1.5682017240669950
0.8450980400142568
0.4771212547196624
1.5797835966168102
1.5563025007672873
1.1139433523068368
0.8450980400142568
1.6532125137753437
1.3617278360175929
0.3010299956639812
0.7781512503836436
0.0000000000000000
1.6627578316815741
1.6812412373755872
0.9030899869919436
1.5682017240669950
1.5051499783199060
1.5314789170422551
0.6989700043360188
1.6901960800285137
1.3222192947339193
1.1760912590556812
1.6334684555795865
1.6434526764861874
1.5682017240669950
1.4623979978989561
1.1139433523068368
1.5440680443502756
0.8450980400142568
1.5314789170422551
1.4149733479708180
1.6232492903979005
1.4149733479708180
0.9542425094393249
1.4623979978989561
1.4313637641589873
1.6232492903979005
1.6127838567197355
0.9542425094393249
1.0000000000000000
1.6989700043360188
0.9542425094393249
0.3010299956639812
1.3424226808222062
1.3222192947339193
0.3010299956639812
1.3979400086720376
1.6434526764861874
1.5051499783199060
1.6434526764861874
1.6434526764861874
1.2787536009528290
1.6532125137753437
1.2552725051033061
1.4623979978989561
1.6127838567197355
1.2552725051033061
1.6901960800285137
1.5314789170422551
1.6627578316815741
1.4771212547196624
1.6989700043360188
1.3802112417116060
1.6334684555795865
1.3222192947339193
1.6627578316815741
1.1139433523068368
1.0791812460476248
1.3979400086720376
0.9030899869919436
1.6434526764861874
0.8450980400142568
1.0000000000000000
0.9030899869919436
1.2552725051033061
1.5682017240669950
1.1461280356782380
1.3979400086720376
1.3802112417116060
0.7781512503836436
1.0791812460476248
1.6232492903979005
1.6434526764861874
1.6812412373755872
1.5797835966168102
1.6232492903979005
1.5440680443502756
1.6901960800285137
1.2787536009528290
1.0791812460476248
1.2041199826559248
1.6812412373755872
0.0000000000000000
0.9542425094393249
0.9030899869919436
1.6232492903979005
1.2787536009528290
1.5185139398778875
0.0000000000000000
1.6434526764861874
1.2787536009528290
1.2041199826559248
0.8450980400142568
1.6334684555795865
1.4623979978989561
0.4771212547196624
1.5682017240669950
0.9030899869919436
1.5051499783199060
1.1139433523068368
1.1760912590556812
1.2552725051033061
1.5563025007672873
1.6020599913279624
1.4313637641589873
0.3010299956639812
1.4913616938342727
0.6020599913279624
1.6232492903979005
1.6532125137753437
1.0413926851582250
1.3802112417116060
1.2552725051033061
1.3010299956639812
1.6720978579357175
1.5314789170422551
1.5797835966168102
1.4623979978989561
1.4471580313422192
1.4149733479708180
0.3010299956639812
1.1760912590556812
1.6989700043360188
1.4149733479708180
1.6532125137753437
1.1760912590556812
1.6127838567197355
1.6334684555795865
0.8450980400142568
1.5051499783199060
1.3617278360175929
1.0413926851582250
1.1139433523068368
1.1139433523068368
1.2787536009528290
1.5051499783199060
1.6812412373755872
1.6901960800285137
1.1760912590556812
1.3802112417116060
1.0413926851582250
0.6989700043360188
1.1461280356782380
1.2552725051033061
0.0000000000000000
1.4313637641589873
1.5563025007672873
1.3617278360175929
1.3979400086720376
1.5682017240669950
1.6720978579357175
1.6812412373755872
1.6434526764861874
1.6812412373755872
1.6720978579357175
1.6232492903979005
1.0791812460476248
1.3617278360175929
1.4313637641589873
1.1760912590556812
1.4771212547196624
1.5314789170422551
1.6812412373755872
1.6334684555795865
1.6812412373755872
1.6720978579357175
1.6232492903979005
0.8450980400142568
0.8450980400142568
1.5314789170422551
1.6334684555795865
0.0000000000000000
0.0000000000000000
1.4771212547196624
1.6901960800285137
1.6020599913279624
1.3617278360175929
1.6334684555795865
1.0000000000000000
1.6812412373755872
1.4471580313422192
0.4771212547196624
0.7781512503836436
1.5910646070264992
1.3802112417116060
1.3802112417116060
1.1139433523068368
1.6434526764861874
0.3010299956639812
1.3617278360175929
1.3617278360175929
1.6434526764861874
1.3010299956639812
1.4913616938342727
1.4149733479708180
1.4313637641589873
1.2304489213782739
1.1461280356782380
1.5910646070264992
1.5051499783199060
1.4913616938342727
1.4913616938342727
1.5185139398778875
1.4913616938342727
0.9030899869919436
1.3222192947339193
0.3010299956639812
1.5440680443502756
1.6334684555795865
1.5314789170422551
1.6532125137753437
1.5563025007672873
1.3802112417116060
0.6989700043360188
1.5910646070264992
1.0413926851582250
0.8450980400142568
1.2787536009528290
1.5797835966168102
1.5051499783199060
1.3979400086720376
1.6434526764861874
1.0791812460476248
1.4623979978989561
0.3010299956639812
1.3979400086720376
1.3802112417116060
1.3802112417116060
1.6434526764861874
1.6812412373755872
0.9030899869919436
0.8450980400142568
0.6020599913279624
1.6720978579357175
1.1139433523068368
1.4313637641589873
1.3979400086720376
1.0000000000000000
1.5314789170422551
1.5563025007672873
1.6434526764861874
1.5314789170422551
0.0000000000000000
1.3424226808222062
1.3424226808222062
1.5051499783199060
1.3424226808222062
1.5185139398778875
1.1461280356782380
1.3979400086720376
1.4471580313422192
1.4313637641589873
0.3010299956639812
1.6127838567197355
1.6627578316815741
0.7781512503836436
1.0413926851582250
1.6020599913279624
1.5910646070264992
1.5910646070264992
1.5314789170422551
0.7781512503836436
1.6901960800285137
1.3802112417116060
1.2041199826559248
1.5314789170422551
1.6232492903979005
1.5185139398778875
0.4771212547196624
1.3222192947339193
1.5440680443502756
1.5797835966168102
0.9542425094393249
1.5910646070264992
0.6020599913279624
0.9030899869919436
1.3222192947339193
1.1139433523068368
1.1760912590556812
1.0000000000000000
1.4313637641589873
1.6812412373755872
0.9030899869919436
1.3617278360175929
1.3617278360175929
1.5314789170422551
0.4771212547196624
1.1461280356782380
1.0000000000000000
1.6434526764861874
1.2552725051033061
1.0791812460476248
1.3222192947339193
1.4149733479708180
1.6232492903979005
0.9542425094393249
1.4623979978989561
1.6901960800285137
1.5314789170422551
1.1139433523068368
0.6020599913279624
1.5314789170422551
0.9030899869919436
0.6989700043360188
1.6812412373755872
1.3424226808222062
1.5563025007672873
1.1139433523068368
1.6989700043360188
1.4623979978989561
1.5314789170422551
1.4471580313422192
1.1461280356782380
1.0413926851582250
1.3979400086720376
1.3802112417116060
1.5440680443502756
1.6901960800285137
1.6627578316815741
1.3222192947339193
1.5797835966168102
0.8450980400142568
0.9542425094393249
1.6127838567197355
1.3617278360175929
1.5185139398778875
1.2304489213782739
0.7781512503836436
1.6232492903979005
1.3802112417116060
0.0000000000000000
1.1139433523068368
1.4471580313422192
0.7781512503836436
1.5051499783199060
1.4149733479708180
1.3617278360175929
1.4471580313422192
1.6812412373755872
1.2787536009528290
1.6989700043360188
1.6020599913279624
0.6989700043360188
0.6989700043360188
1.5797835966168102
1.6434526764861874
0.4771212547196624
1.0413926851582250
1.5797835966168102
1.1461280356782380
0.6020599913279624
1.4913616938342727
1.4623979978989561
0.0000000000000000
1.4149733479708180
1.4913616938342727
1.5051499783199060
1.6334684555795865
1.6720978579357175
1.6627578316815741
1.2552725051033061
1.5563025007672873
0.9542425094393249
1.0413926851582250
1.3802112417116060
1.5682017240669950
1.6334684555795865
0.4771212547196624
1.6434526764861874
1.4913616938342727
1.6720978579357175
1.4149733479708180
1.3979400086720376
0.7781512503836436
1.5563025007672873
1.6720978579357175
1.6434526764861874
0.0000000000000000
1.2552725051033061
1.5910646070264992
1.0413926851582250
1.4471580313422192
1.6127838567197355
1.6020599913279624
1.5910646070264992
1.3617278360175929
1.5797835966168102
1.5185139398778875
1.5682017240669950
1.4913616938342727
1.5910646070264992
1.6720978579357175
1.1461280356782380
1.6989700043360188
1.6020599913279624
1.6901960800285137
1.6720978579357175
0.4771212547196624
1.1760912590556812
1.5314789170422551
1.6232492903979005
1.6627578316815741
1.3802112417116060
0.8450980400142568
0.0000000000000000
1.0791812460476248
1.2304489213782739
1.2041199826559248
0.7781512503836436
1.6720978579357175
1.3979400086720376
0.8450980400142568
1.4913616938342727
1.6901960800285137
1.3617278360175929
1.4623979978989561
1.4471580313422192
1.5797835966168102
1.5440680443502756
1.5682017240669950
1.5682017240669950
1.5314789170422551
1.6334684555795865
1.6627578316815741
1.6434526764861874
1.5440680443502756
1.6812412373755872
1.6532125137753437
1.6020599913279624
1.2552725051033061
1.3010299956639812
1.2304489213782739
1.3222192947339193
1.3424226808222062
0.3010299956639812
1.0791812460476248
1.6020599913279624
0.4771212547196624
0.9030899869919436
1.6627578316815741
0.4771212547196624
1.5185139398778875
1.2787536009528290
1.4913616938342727
1.6989700043360188
1.0413926851582250
1.3010299956639812
0.8450980400142568
1.2787536009528290
1.5051499783199060
1.1139433523068368
1.5563025007672873
0.3010299956639812
0.6020599913279624
1.6434526764861874
1.2552725051033061
1.4771212547196624
0.0000000000000000
1.1760912590556812
1.6434526764861874
1.4913616938342727
1.6532125137753437
1.3424226808222062
1.6334684555795865
1.5797835966168102
1.3222192947339193
1.2041199826559248
1.5797835966168102
0.7781512503836436
1.4313637641589873
0.8450980400142568
1.6020599913279624
1.6127838567197355
1.1760912590556812
0.8450980400142568
1.2304489213782739
1.4149733479708180
1.4771212547196624
1.4149733479708180
0.9030899869919436
1.4149733479708180
1.5910646070264992
1.2787536009528290
1.4913616938342727
1.0791812460476248
1.4471580313422192
1.6720978579357175
0.9542425094393249
1.4313637641589873
1.0413926851582250
1.4771212547196624
1.6989700043360188
1.6720978579357175
1.5185139398778875
1.3010299956639812
1.2041199826559248
0.8450980400142568
1.4913616938342727
1.4313637641589873
0.3010299956639812
0.4771212547196624
1.5910646070264992
1.3222192947339193
1.2041199826559248
1.6532125137753437
1.6127838567197355
1.3617278360175929
1.6989700043360188
1.1461280356782380
1.5314789170422551
1.6532125137753437
1.2041199826559248
1.4471580313422192
1.3010299956639812
1.4471580313422192
1.6334684555795865
1.6627578316815741
1.0000000000000000
1.5797835966168102
1.0000000000000000
1.3222192947339193
1.4313637641589873
1.2041199826559248
1.5797835966168102
0.0000000000000000
1.3802112417116060
0.9030899869919436
0.6989700043360188
1.4771212547196624
1.1760912590556812
1.4313637641589873
1.0791812460476248
1.5185139398778875
1.6720978579357175
1.6989700043360188
1.3010299956639812
1.2787536009528290
0.3010299956639812
1.3222192947339193
1.5910646070264992
1.5314789170422551
1.6627578316815741
1.5563025007672873
1.6020599913279624
1.3617278360175929
1.0413926851582250
1.1760912590556812
1.1760912590556812
1.6334684555795865
0.9030899869919436
1.5910646070264992
1.6532125137753437
0.6020599913279624
1.3010299956639812
0.0000000000000000
1.2787536009528290
1.1139433523068368
1.1461280356782380
0.0000000000000000
1.2552725051033061
1.6989700043360188
1.6020599913279624
1.4623979978989561
1.6901960800285137
1.3010299956639812
1.6334684555795865
1.6434526764861874
1.5314789170422551
1.4771212547196624
0.6020599913279624
1.5440680443502756
1.1461280356782380
0.8450980400142568
1.4471580313422192
1.4913616938342727
1.4471580313422192
0.6020599913279624
1.0000000000000000
0.9030899869919436
1.3010299956639812
0.9030899869919436
1.3802112417116060
0.9542425094393249
1.6720978579357175
0.4771212547196624
1.6020599913279624
1.6720978579357175
1.5563025007672873
1.0413926851582250
1.6812412373755872
1.6532125137753437
1.4149733479708180
1.1139433523068368
1.6334684555795865
1.0413926851582250
1.6334684555795865
1.3010299956639812
1.6532125137753437
1.6901960800285137
1.1139433523068368
1.2552725051033061
1.6627578316815741
0.4771212547196624
1.0000000000000000
1.0413926851582250
1.5440680443502756
1.3424226808222062
0.4771212547196624
1.5682017240669950
1.1760912590556812
0.4771212547196624
1.6627578316815741
1.4149733479708180
0.6020599913279624
1.3010299956639812
1.3979400086720376
0.9030899869919436
1.2787536009528290
1.3979400086720376
1.6720978579357175
1.6720978579357175
1.4313637641589873
1.6020599913279624
1.4623979978989561
1.4623979978989561
1.6532125137753437
0.9542425094393249
1.4623979978989561
0.9542425094393249
1.4149733479708180
1.6232492903979005
0.6989700043360188
1.6532125137753437
1.0791812460476248
1.5051499783199060
1.4149733479708180
1.6720978579357175
0.0000000000000000
1.3424226808222062
1.1461280356782380
1.1139433523068368
1.6812412373755872
1.4623979978989561
1.3617278360175929
0.8450980400142568
1.5185139398778875
1.3617278360175929
1.1760912590556812
1.6532125137753437
1.4771212547196624
1.4913616938342727
1.4149733479708180
1.3979400086720376
1.2787536009528290
1.1760912590556812
1.5797835966168102
0.3010299956639812
0.4771212547196624
0.9542425094393249
1.0791812460476248
0.0000000000000000
1.2787536009528290
1.3979400086720376
1.4471580313422192
1.3424226808222062
1.0791812460476248
1.5314789170422551
0.9030899869919436
1.6812412373755872
1.2787536009528290
1.6989700043360188
1.3617278360175929
1.2787536009528290
0.3010299956639812
0.6020599913279624
1.6989700043360188
1.0000000000000000
1.4149733479708180
0.0000000000000000
0.6989700043360188
0.9542425094393249
1.0000000000000000
0.8450980400142568
1.6627578316815741
1.6020599913279624
1.4149733479708180
0.3010299956639812
1.6127838567197355
0.9030899869919436
0.6989700043360188
0.6020599913279624
1.6627578316815741
1.6020599913279624
1.2304489213782739
1.4149733479708180
1.3979400086720376
1.6812412373755872
1.5314789170422551
1.5051499783199060
1.6334684555795865
0.3010299956639812
1.4623979978989561
0.3010299956639812
1.5440680443502756
1.3979400086720376
1.2552725051033061
1.6232492903979005
1.3979400086720376
1.5682017240669950
0.0000000000000000
1.6627578316815741
1.5314789170422551
1.6232492903979005
1.6532125137753437
0.6020599913279624
1.4471580313422192
1.3222192947339193
1.5682017240669950
1.1760912590556812
1.2304489213782739
1.4471580313422192
1.4149733479708180
1.6020599913279624
1.0791812460476248
0.6020599913279624
1.2787536009528290
1.5910646070264992
1.5440680443502756
0.9030899869919436
1.0413926851582250
0.3010299956639812
0.0000000000000000
1.5185139398778875
0.9542425094393249
1.4623979978989561
1.1139433523068368
1.5910646070264992
0.3010299956639812
1.5682017240669950
1.4149733479708180
1.3424226808222062
1.1461280356782380
1.3424226808222062
1.6334684555795865
1.6434526764861874
1.3424226808222062
1.6334684555795865
1.2041199826559248
1.6627578316815741
1.5910646070264992
1.4623979978989561
1.5910646070264992
1.3617278360175929
1.4149733479708180
1.2787536009528290
1.6334684555795865
1.0000000000000000
0.7781512503836436
1.5051499783199060
1.4149733479708180
1.1760912590556812
1.0000000000000000
1.0791812460476248
1.4313637641589873
1.5185139398778875
1.5797835966168102
1.6989700043360188
1.2552725051033061
1.5797835966168102
1.6989700043360188
0.7781512503836436
1.5314789170422551
1.3979400086720376
1.2041199826559248
1.5440680443502756
1.4471580313422192
1.1760912590556812
1.6901960800285137
1.5314789170422551
0.7781512503836436
1.4623979978989561
1.2041199826559248
1.0413926851582250
1.3979400086720376
0.0000000000000000
0.7781512503836436
1.3010299956639812
1.3222192947339193
1.0791812460476248
1.4313637641589873
1.3617278360175929
1.4313637641589873
1.6989700043360188
1.5797835966168102
1.3222192947339193
1.6720978579357175
1.6532125137753437
1.3222192947339193
1.3222192947339193
1.4913616938342727
1.2041199826559248
1.5682017240669950
0.8450980400142568
1.1139433523068368
1.3979400086720376
1.3010299956639812
1.6434526764861874
1.5563025007672873
1.3010299956639812
1.2787536009528290
1.4771212547196624
1.1139433523068368
0.6989700043360188
1.4313637641589873
1.6989700043360188
1.5910646070264992
1.5910646070264992
1.5314789170422551
0.6989700043360188
1.5314789170422551
1.5797835966168102
1.6627578316815741
0.8450980400142568
0.8450980400142568
1.6232492903979005
1.4623979978989561
1.6812412373755872
1.5910646070264992
1.6989700043360188
1.4149733479708180
0.9542425094393249
0.8450980400142568
1.0413926851582250
1.5185139398778875
1.3222192947339193
1.0791812460476248
1.5910646070264992
1.3979400086720376
1.4471580313422192
1.0413926851582250
1.3979400086720376
1.2304489213782739
1.3979400086720376
0.3010299956639812
1.6812412373755872
1.1139433523068368
1.6020599913279624
0.3010299956639812
1.3979400086720376
1.6334684555795865
1.6532125137753437
1.0791812460476248
1.5051499783199060
1.4313637641589873
1.5440680443502756
1.5563025007672873
1.6334684555795865
1.6127838567197355
1.5797835966168102
1.5682017240669950
1.6720978579357175
1.6334684555795865
1.5440680443502756
1.5440680443502756
1.2552725051033061
1.0000000000000000
1.0413926851582250
1.5440680443502756
0.6989700043360188
1.5797835966168102
1.5797835966168102
0.7781512503836436
1.0791812460476248
1.0791812460476248
1.6532125137753437
1.1760912590556812
1.2552725051033061
1.2787536009528290
1.6334684555795865
1.5682017240669950
1.6434526764861874
1.6989700043360188
1.0791812460476248
1.4471580313422192
0.7781512503836436
1.5051499783199060
1.5563025007672873
1.6901960800285137
1.5314789170422551
1.0413926851582250
1.5910646070264992
0.9030899869919436
1.6334684555795865
1.6812412373755872
1.5797835966168102
1.3424226808222062
1.4913616938342727
1.2304489213782739
1.5185139398778875
1.6812412373755872
1.6334684555795865
1.5314789170422551
1.5051499783199060
1.0000000000000000
1.3802112417116060
1.5682017240669950
0.6020599913279624
1.0791812460476248
1.5051499783199060
0.4771212547196624
1.6532125137753437
1.6532125137753437
1.6812412373755872
1.2304489213782739
1.6532125137753437
1.6334684555795865
0.9542425094393249
1.1760912590556812
1.3010299956639812
1.4623979978989561
1.1139433523068368
1.4771212547196624
0.7781512503836436
1.0791812460476248
1.2552725051033061
1.5910646070264992
1.2041199826559248
1.0413926851582250
1.6334684555795865
1.6434526764861874
1.3802112417116060
0.6989700043360188
0.7781512503836436
1.6627578316815741
0.3010299956639812
1.4471580313422192
1.6334684555795865
1.5563025007672873
1.3222192947339193
1.6232492903979005
1.2787536009528290
1.1760912590556812
