log
1.5797835966168101
1.6532125137753437
0.3010299956639812
1.414973347970818
1.462397997898956
1.6020599913279625
1.3617278360175928
1.255272505103306
1.6127838567197355
1.2787536009528289
1.568201724066995
0.3010299956639812
1
0.6020599913279624
0.6020599913279624
1.3010299956639813
1.2787536009528289
1.0791812460476249
1.3222192947339193
1.6532125137753437
1.6720978579357175
1.3424226808222062
1.6720978579357175
0.9030899869919435
1.5314789170422551
1.6232492903979006
1.6989700043360187
0.3010299956639812
1.5185139398778875
1.1139433523068367
1.5314789170422551
1.5314789170422551
1.4913616938342726
1.1139433523068367
1.6532125137753437
0.7781512503836436
1.4771212547196624
1.3979400086720377
1.6989700043360187
1.380211241711606
1.4771212547196624
0.8450980400142568
1.6232492903979006
1.146128035678238
0.6989700043360189
1.6232492903979006
1.6532125137753437
0.47712125471966244
1.5797835966168101
0.6020599913279624
1.6812412373755872
1.662757831681574
1.462397997898956
1.3010299956639813
1.414973347970818
1.462397997898956
1.6020599913279625
0
1.6434526764861874
1.041392685158225
1.1139433523068367
0.7781512503836436
1.462397997898956
0
1.6434526764861874
1.6532125137753437
0.6020599913279624
1.380211241711606
1.1139433523068367
1.6020599913279625
1.5314789170422551
1.6720978579357175
1.0791812460476249
1.041392685158225
1.5440680443502757
1.0791812460476249
1.5440680443502757
1.5314789170422551
1.6334684555795866
1.662757831681574
1.255272505103306
1.6720978579357175
1.6989700043360187
1.4913616938342726
1.5563025007672873
0.9542425094393249
1.6812412373755872
1.3222192947339193
1.5314789170422551
1.6812412373755872
1.3010299956639813
1.6989700043360187
1.4471580313422192
1.6989700043360187
1.380211241711606
1.6901960800285136
1.591064607026499
1.3010299956639813
1.3010299956639813
1.5563025007672873
1.3979400086720377
1.3979400086720377
0.6989700043360189
1.2041199826559248
1.1760912590556813
1.6720978579357175
1.662757831681574
1.380211241711606
1.591064607026499
1.3617278360175928
0.9542425094393249
1.2041199826559248
1.662757831681574
1.0791812460476249
1.6334684555795866
1.4771212547196624
1.505149978319906
1.380211241711606
0.6989700043360189
1.6812412373755872
1.414973347970818
1.662757831681574
1.6989700043360187
1.041392685158225
0.9030899869919435
1.6901960800285136
1.5314789170422551
1.4771212547196624
1
1.6532125137753437
1.414973347970818
0.6020599913279624
0.47712125471966244
1.6812412373755872
1.6127838567197355
0.3010299956639812
1.5440680443502757
1
1.3979400086720377
1.462397997898956
1.6901960800285136
0.8450980400142568
1.6989700043360187
0.9542425094393249
1.6232492903979006
1.4313637641589874
1.5185139398778875
1.3424226808222062
1
1.5185139398778875
1.591064607026499
1.5797835966168101
1.3617278360175928
0.47712125471966244
1.2041199826559248
1.3979400086720377
1.568201724066995
1.1760912590556813
1.5314789170422551
1.462397997898956
1.6020599913279625
1.6334684555795866
1.5797835966168101
1.1760912590556813
0
1.5797835966168101
1.6020599913279625
1
1.662757831681574
1.3979400086720377
1.5440680443502757
1.3424226808222062
0.47712125471966244
1.6020599913279625
1.041392685158225
1.041392685158225
0.7781512503836436
1.1760912590556813
1.2304489213782739
1.568201724066995
1.6020599913279625
1.3424226808222062
1.5440680443502757
0.7781512503836436
1.3424226808222062
0.6989700043360189
1.1139433523068367
1.6812412373755872
1.380211241711606
1.6989700043360187
1.1139433523068367
1.5797835966168101
0.7781512503836436
1.5797835966168101
1
1.5314789170422551
0
1.2041199826559248
1.041392685158225
1.3979400086720377
1.2041199826559248
1.462397997898956
1.6334684555795866
1.2787536009528289
1.2304489213782739
1.5314789170422551
1.6989700043360187
1.5314789170422551
1.4471580313422192
1.6232492903979006
1.6989700043360187
1.6020599913279625
1.6989700043360187
1.1139433523068367
1.4313637641589874
1.6127838567197355
1.5563025007672873
1.6232492903979006
1.6232492903979006
1.4313637641589874
1.3010299956639813
1.6532125137753437
1.6812412373755872
0.8450980400142568
1.5185139398778875
1.041392685158225
1.0791812460476249
1.6720978579357175
1.505149978319906
1.6334684555795866
1.2787536009528289
1.3222192947339193
1.505149978319906
1.2787536009528289
1.6020599913279625
0
0.6020599913279624
1.6334684555795866
1.6720978579357175
1.6532125137753437
1.6720978579357175
1.3979400086720377
1.255272505103306
1.255272505103306
0.47712125471966244
1.4471580313422192
1.6989700043360187
1.2304489213782739
1.6812412373755872
1.591064607026499
1.4913616938342726
1.1139433523068367
1.4313637641589874
1.6532125137753437
1.505149978319906
1.5185139398778875
1.1760912590556813
1.4313637641589874
1.6989700043360187
1.5185139398778875
0.8450980400142568
1.3424226808222062
1.662757831681574
1.4913616938342726
1.0791812460476249
1.6127838567197355
0.3010299956639812
1.4771212547196624
1.3424226808222062
0.9542425094393249
1.0791812460476249
1.6434526764861874
1.4313637641589874
1.591064607026499
1.5440680443502757
1.6232492903979006
1.0791812460476249
1.3979400086720377
1.146128035678238
1.6812412373755872
1.462397997898956
1.5563025007672873
1.6532125137753437
1.6989700043360187
1.2041199826559248
1.6232492903979006
1.3979400086720377
1.1760912590556813
0.7781512503836436
0.7781512503836436
1.6901960800285136
1.2041199826559248
0.47712125471966244
1.2041199826559248
1.662757831681574
1.6532125137753437
1.6812412373755872
1.1139433523068367
1.2041199826559248
1.6020599913279625
1.568201724066995
1.1139433523068367
1.462397997898956
1.380211241711606
1.4313637641589874
1.5314789170422551
1.5440680443502757
1.2787536009528289
1.6901960800285136
1.6434526764861874
1.6334684555795866
1.6232492903979006
1.4471580313422192
0.9030899869919435
1.5797835966168101
1.3010299956639813
1.2787536009528289
0.7781512503836436
0.47712125471966244
1.4771212547196624
1.6334684555795866
1.2041199826559248
1.3424226808222062
1.2304489213782739
1.6127838567197355
1.5440680443502757
1.6989700043360187
1.6334684555795866
1.4771212547196624
1.6127838567197355
1.3979400086720377
1.041392685158225
1.3010299956639813
1.5563025007672873
1.4913616938342726
1.4771212547196624
1.146128035678238
1.255272505103306
1.662757831681574
1.3010299956639813
1.6812412373755872
1.6434526764861874
1.3010299956639813
0.3010299956639812
1.2787536009528289
0.6989700043360189
1.462397997898956
1.5185139398778875
1.6720978579357175
1.2304489213782739
1
1.5563025007672873
1.6989700043360187
0
1.041392685158225
1.3010299956639813
1.4913616938342726
1.414973347970818
0.6020599913279624
1.6127838567197355
1.6720978579357175
1.1139433523068367
1.5185139398778875
1.5440680443502757
1.2787536009528289
1.5314789170422551
1.3979400086720377
0.8450980400142568
1.4313637641589874
0.47712125471966244
1.255272505103306
1.5185139398778875
0.9030899869919435
1.6901960800285136
1.6232492903979006
1.6720978579357175
1.3617278360175928
1.568201724066995
1.505149978319906
1.3010299956639813
1.462397997898956
1.6720978579357175
1.462397997898956
1.2041199826559248
1.6901960800285136
1.6532125137753437
1.568201724066995
1.5440680443502757
1.662757831681574
1.1760912590556813
1.4771212547196624
1.3010299956639813
1.2041199826559248
1.4471580313422192
1.5797835966168101
1.1139433523068367
1.6127838567197355
1
1.2304489213782739
1
1.4771212547196624
0.3010299956639812
0.7781512503836436
1.591064607026499
1.2041199826559248
1.5797835966168101
1.6532125137753437
1.5314789170422551
1.4313637641589874
1.1139433523068367
1.255272505103306
1.3222192947339193
1.5314789170422551
1.4771212547196624
1.6127838567197355
1.5563025007672873
1.3010299956639813
1.3010299956639813
1.4471580313422192
1.6020599913279625
1.6127838567197355
1.5185139398778875
1.5563025007672873
1.5185139398778875
1.6127838567197355
1.2041199826559248
1.6434526764861874
1.462397997898956
1.5797835966168101
1.6901960800285136
1.3617278360175928
1.5314789170422551
0.8450980400142568
1.5440680443502757
1.6020599913279625
1.6232492903979006
0.9030899869919435
0.9542425094393249
1.255272505103306
0.7781512503836436
0.47712125471966244
1.6127838567197355
1.4913616938342726
1.505149978319906
1.6901960800285136
1.6720978579357175
1.6812412373755872
1.6127838567197355
1.414973347970818
1.6127838567197355
1.6720978579357175
1.2304489213782739
1.4471580313422192
1.0791812460476249
1.6127838567197355
1.1139433523068367
1.505149978319906
1.1760912590556813
1.041392685158225
0.3010299956639812
1.5314789170422551
1.1760912590556813
1.505149978319906
0.6020599913279624
1.6720978579357175
1.6434526764861874
1.568201724066995
1.1760912590556813
0.9542425094393249
1.3617278360175928
1.662757831681574
1.3010299956639813
1.3424226808222062
1.1139433523068367
1.6020599913279625
1.5797835966168101
1.6020599913279625
1.4913616938342726
1.4471580313422192
0.9030899869919435
0.47712125471966244
1.6720978579357175
1.2304489213782739
1.5314789170422551
1.5314789170422551
1.2041199826559248
1.5440680443502757
0.8450980400142568
1.662757831681574
1.3424226808222062
1.5314789170422551
1.0791812460476249
0
0.9030899869919435
1.662757831681574
0
1.5440680443502757
1.4313637641589874
0.9030899869919435
1.3222192947339193
0.6989700043360189
0
1.6989700043360187
1.3617278360175928
0.8450980400142568
1.1760912590556813
0.6989700043360189
1.6434526764861874
1.3222192947339193
0.7781512503836436
0.47712125471966244
1.6232492903979006
1.6127838567197355
1.3617278360175928
1.662757831681574
1.505149978319906
0.6020599913279624
1.414973347970818
1.591064607026499
1.5797835966168101
1.6901960800285136
1
0.6020599913279624
1.662757831681574
1.1760912590556813
1.380211241711606
1.3010299956639813
1.568201724066995
0.6989700043360189
1.6127838567197355
1.662757831681574
1.4913616938342726
1.4471580313422192
1.5563025007672873
0.3010299956639812
1.1139433523068367
1.6989700043360187
1.591064607026499
1.6334684555795866
1.146128035678238
1.5563025007672873
1.2304489213782739
1.4313637641589874
1.2304489213782739
1.4471580313422192
1.3617278360175928
1.3222192947339193
1.5314789170422551
1.5440680443502757
1.5314789170422551
1.5440680443502757
1.5314789170422551
0
1.146128035678238
0.8450980400142568
0.6989700043360189
1.1760912590556813
1.6334684555795866
1
1.6434526764861874
0
1.6334684555795866
1.5563025007672873
1.568201724066995
1.146128035678238
1.4771212547196624
1.3010299956639813
1.3617278360175928
1.5797835966168101
1.6812412373755872
1.5563025007672873
1.5797835966168101
1.2304489213782739
1.6127838567197355
1.462397997898956
1.3617278360175928
1.2304489213782739
1.041392685158225
1.4313637641589874
1.462397997898956
1.6434526764861874
1.6720978579357175
0.3010299956639812
1.568201724066995
1.462397997898956
1.6334684555795866
1.255272505103306
1.6434526764861874
1.6020599913279625
1.2304489213782739
1.5314789170422551
1.6901960800285136
1.2041199826559248
0.6989700043360189
0
1.462397997898956
1.4313637641589874
1.4913616938342726
1.462397997898956
1.1760912590556813
0.7781512503836436
1.6901960800285136
1.6532125137753437
1.6901960800285136
1.1139433523068367
1.6127838567197355
1.146128035678238
0.7781512503836436
1.5314789170422551
1.4313637641589874
1.1139433523068367
1.6532125137753437
1.5314789170422551
1.146128035678238
1.3010299956639813
1
1.255272505103306
1.5563025007672873
0.9542425094393249
1.3617278360175928
1.3222192947339193
1.3424226808222062
1.380211241711606
1.4913616938342726
1.505149978319906
0.9542425094393249
1.4913616938342726
0.9542425094393249
1.0791812460476249
1
1.505149978319906
1
1.146128035678238
1.4913616938342726
1.3979400086720377
1.6020599913279625
1.591064607026499
1.505149978319906
0.8450980400142568
1.4913616938342726
0.3010299956639812
1.4313637641589874
1.3222192947339193
1.5797835966168101
1.3010299956639813
1.5797835966168101
1.2041199826559248
0.6989700043360189
1.146128035678238
1.6127838567197355
1.5563025007672873
1.6532125137753437
1.5797835966168101
0.47712125471966244
1.5314789170422551
1.1139433523068367
1.3979400086720377
1.3979400086720377
1.1139433523068367
0.8450980400142568
1.5185139398778875
1.2041199826559248
1.6989700043360187
1.3979400086720377
1.5440680443502757
1.5797835966168101
1.1139433523068367
1.3010299956639813
1.2041199826559248
0.9030899869919435
1.4771212547196624
1.4913616938342726
0.9542425094393249
0.3010299956639812
1.2304489213782739
1.041392685158225
1.414973347970818
1.2787536009528289
1.2041199826559248
1.1760912590556813
1.3424226808222062
1.4471580313422192
1.3979400086720377
1.041392685158225
1.041392685158225
0.9030899869919435
1.5185139398778875
0.9030899869919435
0.47712125471966244
1.0791812460476249
1.6020599913279625
1.041392685158225
1.6127838567197355
1.6812412373755872
1.5797835966168101
1.2041199826559248
1.3617278360175928
0.8450980400142568
0.9542425094393249
1.5440680443502757
1.462397997898956
1.414973347970818
1.2304489213782739
1.6127838567197355
1.6434526764861874
1.3222192947339193
1.414973347970818
1.4771212547196624
1.2787536009528289
0.3010299956639812
1.6232492903979006
1.6532125137753437
1.662757831681574
1.5314789170422551
0.9030899869919435
1.6989700043360187
0.9030899869919435
1.2787536009528289
1.041392685158225
1.2304489213782739
1.5563025007672873
1.6434526764861874
1.3222192947339193
1.4471580313422192
1.2304489213782739
1.3010299956639813
1.4471580313422192
1.6434526764861874
1.4313637641589874
1.1139433523068367
1.4771212547196624
1.2304489213782739
1.5563025007672873
1.6127838567197355
1.3222192947339193
1.6532125137753437
0.6989700043360189
0.3010299956639812
0.7781512503836436
1.2304489213782739
1.4913616938342726
0
1.3010299956639813
1.5563025007672873
1.591064607026499
0.6020599913279624
0.9030899869919435
0.3010299956639812
0.7781512503836436
1
1.4471580313422192
1.6989700043360187
1.6334684555795866
1.2787536009528289
1.3010299956639813
0.8450980400142568
0.8450980400142568
1.662757831681574
0.7781512503836436
1.2304489213782739
1.6901960800285136
1.4313637641589874
1.255272505103306
1.041392685158225
1.380211241711606
1.6334684555795866
1.146128035678238
1.255272505103306
1.146128035678238
1.4771212547196624
1.6989700043360187
1.380211241711606
1.6720978579357175
1.5314789170422551
1.4471580313422192
1.414973347970818
1.0791812460476249
1.6812412373755872
1.041392685158225
1.255272505103306
1.5185139398778875
1.6532125137753437
1.0791812460476249
1.3979400086720377
0.7781512503836436
1.6020599913279625
1.6989700043360187
1.4471580313422192
0.8450980400142568
1.2304489213782739
1.4913616938342726
1.662757831681574
1.380211241711606
0
1.5563025007672873
1
1.2304489213782739
1.6334684555795866
1.3617278360175928
1.4913616938342726
1.591064607026499
0.7781512503836436
1.380211241711606
1.3010299956639813
1.414973347970818
1.2304489213782739
1.462397997898956
1.4313637641589874
1.6334684555795866
0.3010299956639812
0.9542425094393249
1.568201724066995
1.4771212547196624
1.6812412373755872
1.505149978319906
1.146128035678238
1.3222192947339193
1.6127838567197355
1.568201724066995
1.6020599913279625
1.3617278360175928
1.146128035678238
1.3979400086720377
1.255272505103306
0.47712125471966244
1.3222192947339193
1.414973347970818
1.6532125137753437
0.9542425094393249
1.6127838567197355
1.2787536009528289
1.5563025007672873
1.6901960800285136
1.662757831681574
1.5185139398778875
1.662757831681574
0
1.0791812460476249
0.6989700043360189
1.4771212547196624
1.568201724066995
1.414973347970818
1.4471580313422192
1.146128035678238
1.6020599913279625
1.0791812460476249
1.6232492903979006
1.3010299956639813
1.6020599913279625
1.6720978579357175
1.414973347970818
1.1139433523068367
1.6434526764861874
1.4471580313422192
1.5440680443502757
1.3222192947339193
0.6989700043360189
1.6020599913279625
1.6334684555795866
1.146128035678238
0.9542425094393249
1.4913616938342726
0.6989700043360189
1.5563025007672873
1.3222192947339193
0.3010299956639812
0.6020599913279624
0.3010299956639812
1.4313637641589874
1.6434526764861874
1.3617278360175928
1.4313637641589874
1.4471580313422192
1.5797835966168101
1.6127838567197355
0
1.6901960800285136
1.2304489213782739
1.5797835966168101
1.3222192947339193
1.6334684555795866
1.4313637641589874
1.2787536009528289
1.5440680443502757
0.8450980400142568
1.3979400086720377
1.6334684555795866
1.3617278360175928
1.414973347970818
0.9542425094393249
0.9030899869919435
1.2041199826559248
1.2304489213782739
1.380211241711606
1.6901960800285136
1.3424226808222062
1.414973347970818
0.7781512503836436
1.568201724066995
1.5797835966168101
1.591064607026499
1.4771212547196624
1.6434526764861874
1.5563025007672873
1.6232492903979006
1.6720978579357175
1.505149978319906
1.5563025007672873
1.662757831681574
1.2787536009528289
1.6989700043360187
1.6532125137753437
1.568201724066995
1.5563025007672873
1.4313637641589874
1.568201724066995
0.8450980400142568
0.6020599913279624
0
1.6720978579357175
1.6334684555795866
1.505149978319906
1.568201724066995
1.6232492903979006
1.6812412373755872
1.3617278360175928
1.6434526764861874
1.6127838567197355
1.4771212547196624
1.6532125137753437
1.591064607026499
1.4471580313422192
1.5440680443502757
1.5797835966168101
1.146128035678238
1.2787536009528289
1.462397997898956
1.3222192947339193
1.3979400086720377
1.6232492903979006
1.6232492903979006
1.462397997898956
0.3010299956639812
0.47712125471966244
1.4913616938342726
1.5797835966168101
0.47712125471966244
1.6127838567197355
1.4313637641589874
1.662757831681574
1.3222192947339193
1.2041199826559248
1.2304489213782739
1.6989700043360187
1.3979400086720377
1.591064607026499
0.47712125471966244
0.9542425094393249
1.2304489213782739
1.6232492903979006
1.591064607026499
1.6720978579357175
1.6334684555795866
1.3979400086720377
1.3979400086720377
0.6989700043360189
1.1760912590556813
1.5185139398778875
0.7781512503836436
1.6720978579357175
1.041392685158225
0
1.5797835966168101
1.1760912590556813
1.380211241711606
1.3010299956639813
1.6334684555795866
1
1.5314789170422551
1.0791812460476249
1.6232492903979006
1.6720978579357175
1.6532125137753437
1.568201724066995
1.662757831681574
1.1139433523068367
1.3222192947339193
1.6989700043360187
1.6020599913279625
1.2041199826559248
1
1.6720978579357175
1.568201724066995
1.662757831681574
0
1.6720978579357175
1.380211241711606
1.6232492903979006
1
0.6020599913279624
