log
4.8073549220576041
0.0000000000000000
5.4262647547020979
0.0000000000000000
4.4594316186372973
5.6147098441152082
4.1699250014423124
2.5849625007211562
5.3575520046180837
4.5235619560570129
3.1699250014423124
5.3575520046180837
4.4594316186372973
4.8579809951275721
3.1699250014423124
5.4918530963296747
4.1699250014423124
3.0000000000000000
5.0874628412503394
3.9068905956085185
5.5235619560570129
3.8073549220576041
4.0000000000000000
4.8073549220576041
3.1699250014423124
4.3219280948873623
5.2854022188622483
4.3923174227787603
5.1292830169449665
5.2479275134435855
5.4262647547020979
4.3219280948873623
5.3575520046180837
5.4594316186372973
3.9068905956085185
4.3923174227787603
4.7004397181410922
5.1292830169449665
5.0443941193584534
4.7548875021634685
5.0000000000000000
4.2479275134435855
5.2479275134435855
2.3219280948873623
5.1292830169449665
5.4594316186372973
3.1699250014423124
4.3923174227787603
2.5849625007211562
2.5849625007211562
5.6438561897747247
5.3923174227787603
5.1699250014423124
4.1699250014423124
3.7004397181410922
0.0000000000000000
2.8073549220576041
3.9068905956085185
3.1699250014423124
4.3219280948873623
2.5849625007211562
4.8073549220576041
4.9068905956085185
3.4594316186372973
4.9068905956085185
4.3219280948873623
4.0000000000000000
1.0000000000000000
4.5849625007211562
5.6147098441152082
4.6438561897747247
4.9541963103868752
4.6438561897747247
3.5849625007211562
5.6438561897747247
3.0000000000000000
2.0000000000000000
5.3219280948873623
4.9068905956085185
4.0874628412503394
5.2854022188622483
5.5849625007211562
3.0000000000000000
2.0000000000000000
2.3219280948873623
3.4594316186372973
0.0000000000000000
4.9541963103868752
3.1699250014423124
5.5545888516776374
3.5849625007211562
4.6438561897747247
3.4594316186372973
4.7004397181410922
5.1292830169449665
2.3219280948873623
4.5849625007211562
5.0443941193584534
5.2479275134435855
3.1699250014423124
4.7548875021634685
1.0000000000000000
5.5235619560570129
5.0874628412503394
5.4262647547020979
5.4594316186372973
3.3219280948873623
4.3219280948873623
4.7004397181410922
2.0000000000000000
5.5545888516776374
3.4594316186372973
1.0000000000000000
5.0443941193584534
5.0443941193584534
2.3219280948873623
3.9068905956085185
5.3923174227787603
2.3219280948873623
3.4594316186372973
4.0000000000000000
2.8073549220576041
4.1699250014423124
4.7004397181410922
5.5545888516776374
3.7004397181410922
4.3923174227787603
4.0000000000000000
5.4262647547020979
5.2479275134435855
4.5849625007211562
5.5235619560570129
5.5545888516776374
4.8579809951275721
4.0874628412503394
4.2479275134435855
5.5849625007211562
4.5235619560570129
4.5235619560570129
3.9068905956085185
5.3923174227787603
5.6438561897747247
3.7004397181410922
3.5849625007211562
0.0000000000000000
4.1699250014423124
4.1699250014423124
4.0000000000000000
4.7548875021634685
5.3219280948873623
3.0000000000000000
4.9541963103868752
4.9068905956085185
5.4918530963296747
3.9068905956085185
5.0000000000000000
3.5849625007211562
4.7004397181410922
3.1699250014423124
5.3575520046180837
5.3923174227787603
5.5235619560570129
5.0874628412503394
4.9068905956085185
4.6438561897747247
5.3575520046180837
4.5849625007211562
4.3219280948873623
4.8579809951275721
4.7548875021634685
3.8073549220576041
2.0000000000000000
4.1699250014423124
2.3219280948873623
4.8073549220576041
5.4594316186372973
5.2479275134435855
5.1292830169449665
5.5235619560570129
4.9541963103868752
4.8073549220576041
3.1699250014423124
2.8073549220576041
3.9068905956085185
5.2854022188622483
5.0874628412503394
5.0874628412503394
4.9541963103868752
5.1292830169449665
3.3219280948873623
5.5849625007211562
0.0000000000000000
5.5849625007211562
2.8073549220576041
3.9068905956085185
4.9541963103868752
4.6438561897747247
4.0874628412503394
4.7548875021634685
5.0874628412503394
5.4594316186372973
4.2479275134435855
5.3219280948873623
2.3219280948873623
5.0000000000000000
5.3219280948873623
5.4918530963296747
2.5849625007211562
5.2479275134435855
5.1699250014423124
5.2854022188622483
5.0000000000000000
4.3923174227787603
4.6438561897747247
5.4262647547020979
4.0000000000000000
5.5235619560570129
5.6147098441152082
4.5235619560570129
5.3219280948873623
5.3219280948873623
5.5545888516776374
5.1292830169449665
4.9541963103868752
3.3219280948873623
5.3923174227787603
1.5849625007211562
5.6147098441152082
1.5849625007211562
0.0000000000000000
0.0000000000000000
4.3219280948873623
5.6147098441152082
3.1699250014423124
5.0874628412503394
3.0000000000000000
3.1699250014423124
5.3923174227787603
3.3219280948873623
3.4594316186372973
5.4594316186372973
4.7004397181410922
4.4594316186372973
4.2479275134435855
5.4594316186372973
3.9068905956085185
4.6438561897747247
2.0000000000000000
4.1699250014423124
2.3219280948873623
0.0000000000000000
4.0874628412503394
1.5849625007211562
5.6438561897747247
3.8073549220576041
4.7548875021634685
0.0000000000000000
0.0000000000000000
3.0000000000000000
5.2094533656289498
5.3923174227787603
5.3575520046180837
3.0000000000000000
2.0000000000000000
4.8073549220576041
3.9068905956085185
4.4594316186372973
3.7004397181410922
5.2479275134435855
2.0000000000000000
4.9541963103868752
3.7004397181410922
5.5235619560570129
5.4594316186372973
4.9068905956085185
3.3219280948873623
3.9068905956085185
0.0000000000000000
5.1292830169449665
1.5849625007211562
5.2094533656289498
3.1699250014423124
3.9068905956085185
2.5849625007211562
4.7548875021634685
4.8073549220576041
4.9068905956085185
5.3219280948873623
2.3219280948873623
5.4918530963296747
3.0000000000000000
5.4918530963296747
5.0874628412503394
2.5849625007211562
4.8073549220576041
4.7004397181410922
4.7548875021634685
0.0000000000000000
5.0874628412503394
4.8579809951275721
5.3923174227787603
3.5849625007211562
4.5849625007211562
4.0000000000000000
3.1699250014423124
5.6438561897747247
5.3923174227787603
5.3219280948873623
4.1699250014423124
5.1292830169449665
4.7548875021634685
5.5849625007211562
4.0000000000000000
2.3219280948873623
5.5545888516776374
3.3219280948873623
4.2479275134435855
4.7004397181410922
4.7548875021634685
4.2479275134435855
4.3219280948873623
5.6438561897747247
4.5849625007211562
5.2479275134435855
2.8073549220576041
5.5849625007211562
5.6147098441152082
4.3219280948873623
5.6147098441152082
3.9068905956085185
4.8579809951275721
4.5235619560570129
3.0000000000000000
3.9068905956085185
4.4594316186372973
4.3923174227787603
3.9068905956085185
4.9068905956085185
1.0000000000000000
4.4594316186372973
2.5849625007211562
1.5849625007211562
3.5849625007211562
5.5849625007211562
4.7004397181410922
5.0000000000000000
3.3219280948873623
3.1699250014423124
5.0000000000000000
4.0874628412503394
5.6147098441152082
5.2854022188622483
5.2094533656289498
5.2854022188622483
5.0874628412503394
4.5235619560570129
3.1699250014423124
4.9541963103868752
3.1699250014423124
4.7548875021634685
2.8073549220576041
3.3219280948873623
5.4918530963296747
5.2094533656289498
4.3923174227787603
2.8073549220576041
4.6438561897747247
4.0874628412503394
4.8073549220576041
5.5849625007211562
3.8073549220576041
3.0000000000000000
4.7548875021634685
5.0443941193584534
5.0874628412503394
3.7004397181410922
5.0000000000000000
5.5849625007211562
5.2479275134435855
5.0874628412503394
3.7004397181410922
5.2094533656289498
4.7548875021634685
2.3219280948873623
4.7548875021634685
4.0000000000000000
5.2094533656289498
4.5235619560570129
5.2094533656289498
5.1292830169449665
5.3219280948873623
5.3575520046180837
3.5849625007211562
2.3219280948873623
5.0443941193584534
2.5849625007211562
5.1292830169449665
3.7004397181410922
5.0874628412503394
5.5235619560570129
3.0000000000000000
0.0000000000000000
5.0000000000000000
5.3923174227787603
4.0000000000000000
0.0000000000000000
4.0874628412503394
1.5849625007211562
4.7004397181410922
2.8073549220576041
4.9068905956085185
5.5849625007211562
5.5849625007211562
2.8073549220576041
5.1699250014423124
5.5235619560570129
5.2094533656289498
5.0443941193584534
4.0874628412503394
4.5849625007211562
2.0000000000000000
5.0874628412503394
4.9068905956085185
3.3219280948873623
5.4262647547020979
1.5849625007211562
5.3923174227787603
3.5849625007211562
5.2854022188622483
5.6147098441152082
4.2479275134435855
3.1699250014423124
2.8073549220576041
4.4594316186372973
5.2479275134435855
5.0000000000000000
3.7004397181410922
5.5849625007211562
5.0443941193584534
3.0000000000000000
5.6147098441152082
2.5849625007211562
3.7004397181410922
4.1699250014423124
4.7548875021634685
5.6438561897747247
3.1699250014423124
3.0000000000000000
5.4918530963296747
3.3219280948873623
4.7548875021634685
2.3219280948873623
4.3219280948873623
4.0000000000000000
4.7004397181410922
4.7004397181410922
3.0000000000000000
5.4594316186372973
2.0000000000000000
2.5849625007211562
3.9068905956085185
1.5849625007211562
5.3923174227787603
4.7004397181410922
5.2854022188622483
5.5849625007211562
5.1699250014423124
1.0000000000000000
5.3219280948873623
4.8073549220576041
5.2479275134435855
4.8579809951275721
4.2479275134435855
2.3219280948873623
2.3219280948873623
4.2479275134435855
4.3923174227787603
4.2479275134435855
4.5235619560570129
5.3923174227787603
5.5235619560570129
5.2854022188622483
5.1699250014423124
4.4594316186372973
1.5849625007211562
4.3923174227787603
5.0874628412503394
5.4918530963296747
5.6438561897747247
4.2479275134435855
5.1292830169449665
5.2854022188622483
4.3219280948873623
5.1699250014423124
3.7004397181410922
5.4262647547020979
3.7004397181410922
5.0000000000000000
3.5849625007211562
5.4918530963296747
4.5849625007211562
5.4262647547020979
4.8579809951275721
3.4594316186372973
3.0000000000000000
5.0874628412503394
5.6438561897747247
4.9068905956085185
5.0874628412503394
5.0874628412503394
4.0000000000000000
5.6438561897747247
5.5849625007211562
3.4594316186372973
5.1292830169449665
3.3219280948873623
1.5849625007211562
5.2854022188622483
4.9068905956085185
2.3219280948873623
5.3219280948873623
5.4918530963296747
4.1699250014423124
1.0000000000000000
5.1292830169449665
5.4594316186372973
4.3923174227787603
5.3575520046180837
4.3923174227787603
4.8073549220576041
5.0874628412503394
5.0000000000000000
5.2094533656289498
5.2094533656289498
3.3219280948873623
3.3219280948873623
2.0000000000000000
4.6438561897747247
3.4594316186372973
4.6438561897747247
2.5849625007211562
4.6438561897747247
4.9541963103868752
3.0000000000000000
4.3923174227787603
4.0000000000000000
4.5235619560570129
5.3923174227787603
5.2854022188622483
5.3923174227787603
5.4918530963296747
4.7548875021634685
2.5849625007211562
4.8073549220576041
4.1699250014423124
5.2094533656289498
5.0000000000000000
5.0443941193584534
3.5849625007211562
3.1699250014423124
3.0000000000000000
4.7004397181410922
2.5849625007211562
4.3923174227787603
5.3575520046180837
5.0443941193584534
1.5849625007211562
4.7548875021634685
5.3219280948873623
4.4594316186372973
5.2479275134435855
0.0000000000000000
4.8073549220576041
5.5849625007211562
0.0000000000000000
4.3219280948873623
5.5545888516776374
5.2094533656289498
3.0000000000000000
5.5849625007211562
4.0874628412503394
2.0000000000000000
5.5235619560570129
2.0000000000000000
4.3923174227787603
5.3575520046180837
5.0443941193584534
2.3219280948873623
5.6438561897747247
5.3219280948873623
5.5545888516776374
5.0000000000000000
2.5849625007211562
3.3219280948873623
5.1699250014423124
4.5849625007211562
5.3575520046180837
5.6147098441152082
3.7004397181410922
5.2479275134435855
5.4918530963296747
5.1292830169449665
5.0443941193584534
5.5235619560570129
5.3923174227787603
5.2479275134435855
4.3923174227787603
4.9068905956085185
5.2094533656289498
5.5235619560570129
5.3923174227787603
5.5545888516776374
1.5849625007211562
4.5849625007211562
1.0000000000000000
5.2094533656289498
4.9068905956085185
1.0000000000000000
3.4594316186372973
4.0000000000000000
2.5849625007211562
4.5235619560570129
3.4594316186372973
3.3219280948873623
3.5849625007211562
4.5235619560570129
5.2094533656289498
4.0874628412503394
4.3219280948873623
5.2854022188622483
3.4594316186372973
5.2854022188622483
2.8073549220576041
5.4594316186372973
5.4918530963296747
5.4594316186372973
3.8073549220576041
4.4594316186372973
1.0000000000000000
5.5545888516776374
3.3219280948873623
5.4262647547020979
5.6438561897747247
3.0000000000000000
3.1699250014423124
2.0000000000000000
2.5849625007211562
3.0000000000000000
4.9068905956085185
5.6147098441152082
3.7004397181410922
5.6147098441152082
4.5235619560570129
1.0000000000000000
5.6438561897747247
2.8073549220576041
2.3219280948873623
4.7004397181410922
5.2094533656289498
4.7548875021634685
5.1292830169449665
5.2094533656289498
5.2854022188622483
3.9068905956085185
5.6147098441152082
5.2094533656289498
5.2094533656289498
0.0000000000000000
2.3219280948873623
4.3219280948873623
3.4594316186372973
5.3923174227787603
4.5235619560570129
4.7548875021634685
5.1699250014423124
4.0000000000000000
0.0000000000000000
4.5235619560570129
3.7004397181410922
4.7548875021634685
5.5545888516776374
4.0874628412503394
5.5235619560570129
5.4262647547020979
1.5849625007211562
4.7004397181410922
3.9068905956085185
4.9541963103868752
1.0000000000000000
5.4262647547020979
5.4594316186372973
3.9068905956085185
3.3219280948873623
4.8579809951275721
5.6147098441152082
5.0443941193584534
5.0443941193584534
5.0000000000000000
5.3923174227787603
4.4594316186372973
3.1699250014423124
4.7004397181410922
4.7004397181410922
4.5235619560570129
5.4594316186372973
5.1699250014423124
5.4262647547020979
3.7004397181410922
5.4918530963296747
3.7004397181410922
5.1292830169449665
3.9068905956085185
3.9068905956085185
3.8073549220576041
5.4594316186372973
4.1699250014423124
4.0874628412503394
4.5235619560570129
4.8579809951275721
5.0874628412503394
3.1699250014423124
5.3219280948873623
5.5545888516776374
5.1292830169449665
3.5849625007211562
3.5849625007211562
3.8073549220576041
5.0443941193584534
4.7004397181410922
5.6147098441152082
3.8073549220576041
5.0443941193584534
5.2854022188622483
5.3923174227787603
5.0874628412503394
2.0000000000000000
3.7004397181410922
4.2479275134435855
5.3575520046180837
5.0443941193584534
4.9068905956085185
5.0000000000000000
2.5849625007211562
5.0874628412503394
3.1699250014423124
4.1699250014423124
4.4594316186372973
5.2094533656289498
4.8073549220576041
4.2479275134435855
5.1292830169449665
5.3575520046180837
5.5235619560570129
3.1699250014423124
5.2479275134435855
4.7548875021634685
0.0000000000000000
4.7548875021634685
1.0000000000000000
5.0000000000000000
2.3219280948873623
4.4594316186372973
5.5235619560570129
4.0874628412503394
2.3219280948873623
5.5849625007211562
4.7548875021634685
4.0000000000000000
4.8579809951275721
4.1699250014423124
4.4594316186372973
5.0443941193584534
3.9068905956085185
3.3219280948873623
4.4594316186372973
2.0000000000000000
4.8579809951275721
5.4594316186372973
4.3219280948873623
1.0000000000000000
1.5849625007211562
4.7004397181410922
2.0000000000000000
3.3219280948873623
4.3923174227787603
5.4594316186372973
5.4918530963296747
5.0874628412503394
3.9068905956085185
5.2094533656289498
5.3219280948873623
3.5849625007211562
3.1699250014423124
5.0874628412503394
5.2479275134435855
4.3923174227787603
5.2854022188622483
5.5545888516776374
3.1699250014423124
2.5849625007211562
4.0000000000000000
2.0000000000000000
5.6147098441152082
4.0000000000000000
0.0000000000000000
5.6147098441152082
3.5849625007211562
4.5235619560570129
5.5849625007211562
3.1699250014423124
4.9541963103868752
4.4594316186372973
5.6147098441152082
4.1699250014423124
2.8073549220576041
4.8579809951275721
5.2854022188622483
4.8579809951275721
2.8073549220576041
1.0000000000000000
5.4262647547020979
5.3923174227787603
5.1292830169449665
4.0000000000000000
4.7548875021634685
5.4262647547020979
3.7004397181410922
3.3219280948873623
3.7004397181410922
3.0000000000000000
2.5849625007211562
5.3923174227787603
5.2479275134435855
4.8073549220576041
4.7004397181410922
4.2479275134435855
4.9541963103868752
5.1292830169449665
5.2094533656289498
4.0000000000000000
4.1699250014423124
4.6438561897747247
4.2479275134435855
4.3923174227787603
4.5235619560570129
4.3219280948873623
4.9541963103868752
3.0000000000000000
2.3219280948873623
3.1699250014423124
4.0000000000000000
4.6438561897747247
3.9068905956085185
2.5849625007211562
5.4594316186372973
3.9068905956085185
1.5849625007211562
5.1292830169449665
2.8073549220576041
1.0000000000000000
3.4594316186372973
4.1699250014423124
4.1699250014423124
5.3923174227787603
5.6147098441152082
4.3219280948873623
3.8073549220576041
4.0874628412503394
3.4594316186372973
5.3219280948873623
5.0443941193584534
4.4594316186372973
2.8073549220576041
5.5849625007211562
5.6438561897747247
2.5849625007211562
3.1699250014423124
2.0000000000000000
5.0000000000000000
5.3923174227787603
5.0443941193584534
4.4594316186372973
2.3219280948873623
3.4594316186372973
5.6147098441152082
5.0000000000000000
5.5545888516776374
5.4594316186372973
0.0000000000000000
5.0874628412503394
4.0000000000000000
4.6438561897747247
4.9541963103868752
5.0443941193584534
5.3219280948873623
0.0000000000000000
5.2479275134435855
4.0000000000000000
5.3219280948873623
3.5849625007211562
4.8073549220576041
4.7548875021634685
5.2094533656289498
3.4594316186372973
3.8073549220576041
4.8073549220576041
4.9541963103868752
1.0000000000000000
4.5235619560570129
4.2479275134435855
2.8073549220576041
5.2479275134435855
4.6438561897747247
4.0000000000000000
5.4918530963296747
5.2094533656289498
5.0443941193584534
4.3219280948873623
5.0000000000000000
5.2094533656289498
5.5235619560570129
2.3219280948873623
5.3219280948873623
4.0874628412503394
5.2094533656289498
5.3575520046180837
3.4594316186372973
5.0443941193584534
5.6438561897747247
5.6147098441152082
4.2479275134435855
4.8073549220576041
4.0874628412503394
5.2094533656289498
5.1699250014423124
5.5849625007211562
3.7004397181410922
4.6438561897747247
4.9068905956085185
2.8073549220576041
4.6438561897747247
5.4262647547020979
5.5235619560570129
5.3575520046180837
5.4594316186372973
4.8073549220576041
4.0000000000000000
4.7004397181410922
5.2854022188622483
2.5849625007211562
5.6147098441152082
5.0000000000000000
4.9068905956085185
4.5235619560570129
4.9068905956085185
5.0443941193584534
4.8073549220576041
2.3219280948873623
3.4594316186372973
5.5545888516776374
2.8073549220576041
5.0443941193584534
5.4594316186372973
5.4918530963296747
3.4594316186372973
4.2479275134435855
5.5235619560570129
2.8073549220576041
2.8073549220576041
5.3923174227787603
5.6147098441152082
5.5235619560570129
5.2094533656289498
5.3575520046180837
4.3923174227787603
3.7004397181410922
5.5235619560570129
4.6438561897747247
5.6147098441152082
1.0000000000000000
3.3219280948873623
2.0000000000000000
4.7004397181410922
4.7548875021634685
5.5545888516776374
5.4918530963296747
4.0874628412503394
4.4594316186372973
5.0000000000000000
1.5849625007211562
4.5849625007211562
4.7548875021634685
1.0000000000000000
5.3575520046180837
5.3575520046180837
4.1699250014423124
4.1699250014423124
4.4594316186372973
0.0000000000000000
4.5849625007211562
