power
1369
144
16
225
81
1521
784
121
36
196
1
1444
2116
1024
529
25
1296
49
2304
1681
16
81
2401
484
2500
121
256
100
400
2401
576
1296
2500
361
576
625
169
324
289
484
529
64
961
2025
1
1936
289
289
196
2116
2500
1369
1369
784
225
324
841
361
256
900
289
1296
729
36
324
2500
361
2304
1681
2116
2209
625
900
400
1600
1444
2401
49
576
784
196
1764
225
1296
1681
256
2500
289
2116
1024
841
324
4
1024
1600
361
16
1156
361
1089
1225
1225
81
1681
841
225
529
576
16
100
36
169
2304
121
1
1444
1296
361
729
196
144
529
2304
196
1600
1225
961
2209
1
1225
2025
676
2304
1681
676
225
1089
16
324
1600
9
9
625
1296
400
1089
36
1296
576
729
361
16
225
1369
2025
1296
2025
784
529
144
64
100
81
324
1369
9
36
81
196
361
16
2025
81
841
81
1369
529
1369
225
2025
1936
36
2304
1225
289
1369
36
16
2401
1225
1444
36
900
2025
144
289
49
676
225
529
324
1849
144
1089
2025
2116
9
400
9
1369
1089
729
144
576
1369
2209
400
144
324
2401
361
81
1089
1521
1156
729
1444
144
196
9
144
196
625
36
144
49
2304
529
841
144
625
576
2401
2401
2025
1849
625
100
400
1296
2209
81
289
324
324
1764
2304
1
676
361
1024
1225
324
49
784
1444
121
9
900
361
1936
81
1225
2304
1764
676
1369
1369
2304
2304
9
784
256
1444
1156
100
484
1024
676
361
100
1156
2500
529
100
9
256
36
169
1600
676
100
16
2500
841
2500
64
1849
1225
529
144
900
25
225
2116
2304
1681
2500
441
841
400
841
400
1225
81
841
49
1764
1089
16
2116
784
1369
1369
400
16
784
64
25
2500
1764
64
484
1521
400
1849
2116
81
4
1024
529
16
1
2116
16
1849
1936
676
1089
576
1089
169
169
81
2209
256
196
196
1
121
2304
1849
1369
1936
484
1764
576
324
100
900
2500
1024
169
2116
169
9
1444
225
81
529
676
1369
100
1764
2209
1369
841
1600
169
289
2209
361
2209
256
961
1296
2209
1369
400
324
841
256
529
676
81
1225
64
1600
2500
361
1681
1936
576
196
529
676
49
1089
1089
256
529
1369
324
1
1521
49
256
1369
1225
100
1521
2209
1521
169
1521
289
1
64
361
900
1936
100
289
9
529
484
121
196
729
729
1089
2304
121
49
1089
2116
729
2209
64
676
16
2209
961
2116
25
1024
289
729
1521
1936
225
2116
64
49
289
4
361
16
1521
1089
576
49
729
9
100
81
2401
25
64
1681
1521
1296
1600
1764
625
1296
784
676
169
25
169
64
81
484
1024
49
225
1681
2500
324
36
900
900
2116
1849
1681
2116
2116
484
25
1225
1
289
225
841
144
2401
1156
1849
441
841
2304
289
1
576
400
1521
400
169
2304
196
121
729
400
1764
121
81
1521
1156
289
1296
2025
441
1089
361
1369
1156
256
1600
841
144
196
2304
676
1024
25
576
1764
1225
1225
729
1024
1024
900
1600
121
1089
256
2116
961
4
529
225
324
1936
784
64
900
49
841
2304
484
1225
36
36
1444
49
144
400
361
9
1936
1225
729
1
529
484
1444
1681
676
289
64
64
676
1521
1225
2025
1296
676
36
484
324
441
441
36
2304
961
196
441
121
1296
1
484
196
1225
484
576
121
2500
1225
1296
324
576
676
225
100
100
2304
49
1
625
256
784
784
2116
1936
196
1764
4
1089
1521
100
1369
9
2116
4
1849
196
289
441
1296
1369
1369
1521
961
4
784
1936
576
1936
961
1
1764
49
1521
196
16
144
1024
729
961
1225
625
841
361
400
441
2401
841
2401
2209
1225
784
784
2304
529
484
2401
1764
2401
225
64
81
784
9
289
1521
256
729
256
1369
1369
576
2401
1
1
1936
121
784
25
484
484
2209
576
729
361
25
100
225
36
361
16
1764
1764
64
100
2209
2304
529
1681
729
1369
625
784
289
576
2500
1369
1521
400
2025
289
49
729
256
1024
2401
1444
9
1600
4
1296
256
81
1521
4
16
1444
2500
529
2116
25
784
1156
144
841
729
1444
196
2401
1600
36
2116
400
144
2401
256
16
841
81
2209
36
625
144
1369
400
2401
49
1156
676
169
1521
25
9
2116
841
169
841
2500
1
1444
1225
324
1156
1156
484
1600
1089
1225
576
361
289
2401
784
169
1225
2500
81
2500
900
576
16
361
400
676
121
144
961
121
289
81
2025
961
676
1156
144
2500
1156
2116
2209
1
1936
81
9
1156
841
36
1
324
625
1764
529
1444
36
121
121
1849
1296
2116
1024
2025
529
361
1089
1444
2304
784
4
900
1521
2209
1156
484
1936
361
144
676
2500
961
484
36
1
256
900
441
81
529
576
2500
1521
2401
324
2025
324
1936
169
1225
2209
1296
9
2209
1936
1156
900
961
2025
2304
121
1024
441
2025
36
2401
2116
225
2304
1296
289
1296
2116
576
400
1521
16
900
729
529
576
1089
1600
441
1600
2401
1600
784
529
1089
1089
2025
576
324
676
676
121
4
529
81
4
1444
1521
225
2304
36
1
729
64
400
900
64
1849
16
225
100
900
784
484
81
625
841
1681
