power
841.00000000000000
1156.0000000000000
169.00000000000000
1444.0000000000000
676.00000000000000
1444.0000000000000
400.00000000000000
841.00000000000000
1225.0000000000000
196.00000000000000
196.00000000000000
25.000000000000000
9.0000000000000000
49.000000000000000
144.00000000000000
2401.0000000000000
1296.0000000000000
961.00000000000000
100.00000000000000
841.00000000000000
784.00000000000000
81.000000000000000
64.000000000000000
289.00000000000000
4.0000000000000000
1600.0000000000000
729.00000000000000
2500.0000000000000
9.0000000000000000
1024.0000000000000
324.00000000000000
729.00000000000000
121.00000000000000
2116.0000000000000
1156.0000000000000
784.00000000000000
2304.0000000000000
529.00000000000000
1600.0000000000000
961.00000000000000
1600.0000000000000
2500.0000000000000
529.00000000000000
1444.0000000000000
1089.0000000000000
1936.0000000000000
361.00000000000000
1296.0000000000000
1156.0000000000000
2304.0000000000000
1849.0000000000000
1.0000000000000000
324.00000000000000
484.00000000000000
2304.0000000000000
324.00000000000000
196.00000000000000
784.00000000000000
196.00000000000000
1225.0000000000000
289.00000000000000
1369.0000000000000
1936.0000000000000
441.00000000000000
361.00000000000000
484.00000000000000
36.000000000000000
841.00000000000000
81.000000000000000
4.0000000000000000
81.000000000000000
1849.0000000000000
1296.0000000000000
289.00000000000000
2401.0000000000000
529.00000000000000
625.00000000000000
2025.0000000000000
484.00000000000000
81.000000000000000
1849.0000000000000
49.000000000000000
49.000000000000000
361.00000000000000
1764.0000000000000
2401.0000000000000
1296.0000000000000
841.00000000000000
2025.0000000000000
289.00000000000000
1024.0000000000000
784.00000000000000
100.00000000000000
324.00000000000000
64.000000000000000
1.0000000000000000
400.00000000000000
484.00000000000000
2500.0000000000000
25.000000000000000
729.00000000000000
121.00000000000000
16.000000000000000
900.00000000000000
1521.0000000000000
529.00000000000000
576.00000000000000
81.000000000000000
1600.0000000000000
676.00000000000000
1156.0000000000000
784.00000000000000
324.00000000000000
225.00000000000000
36.000000000000000
361.00000000000000
1296.0000000000000
1296.0000000000000
1.0000000000000000
64.000000000000000
441.00000000000000
361.00000000000000
81.000000000000000
841.00000000000000
4.0000000000000000
2209.0000000000000
1369.0000000000000
81.000000000000000
81.000000000000000
900.00000000000000
576.00000000000000
16.000000000000000
1521.0000000000000
225.00000000000000
1849.0000000000000
441.00000000000000
2025.0000000000000
25.000000000000000
1369.0000000000000
25.000000000000000
361.00000000000000
256.00000000000000
9.0000000000000000
64.000000000000000
25.000000000000000
169.00000000000000
256.00000000000000
2025.0000000000000
49.000000000000000
2401.0000000000000
2304.0000000000000
1600.0000000000000
1600.0000000000000
2500.0000000000000
64.000000000000000
1521.0000000000000
961.00000000000000
144.00000000000000
1369.0000000000000
256.00000000000000
576.00000000000000
784.00000000000000
1936.0000000000000
1024.0000000000000
1764.0000000000000
1.0000000000000000
729.00000000000000
9.0000000000000000
2209.0000000000000
1681.0000000000000
529.00000000000000
1089.0000000000000
1600.0000000000000
81.000000000000000
196.00000000000000
1296.0000000000000
169.00000000000000
2401.0000000000000
361.00000000000000
1849.0000000000000
121.00000000000000
2304.0000000000000
484.00000000000000
441.00000000000000
529.00000000000000
1444.0000000000000
100.00000000000000
1225.0000000000000
36.000000000000000
4.0000000000000000
169.00000000000000
36.000000000000000
729.00000000000000
1600.0000000000000
64.000000000000000
16.000000000000000
225.00000000000000
1849.0000000000000
484.00000000000000
4.0000000000000000
2116.0000000000000
4.0000000000000000
36.000000000000000
169.00000000000000
16.000000000000000
961.00000000000000
1600.0000000000000
121.00000000000000
100.00000000000000
144.00000000000000
64.000000000000000
441.00000000000000
2304.0000000000000
729.00000000000000
784.00000000000000
2401.0000000000000
4.0000000000000000
16.000000000000000
1369.0000000000000
1296.0000000000000
256.00000000000000
1024.0000000000000
100.00000000000000
576.00000000000000
121.00000000000000
2401.0000000000000
625.00000000000000
1681.0000000000000
625.00000000000000
1.0000000000000000
144.00000000000000
400.00000000000000
1089.0000000000000
1089.0000000000000
961.00000000000000
196.00000000000000
4.0000000000000000
1444.0000000000000
4.0000000000000000
1936.0000000000000
169.00000000000000
529.00000000000000
100.00000000000000
256.00000000000000
9.0000000000000000
64.000000000000000
9.0000000000000000
2116.0000000000000
100.00000000000000
256.00000000000000
121.00000000000000
144.00000000000000
2209.0000000000000
81.000000000000000
64.000000000000000
529.00000000000000
1936.0000000000000
9.0000000000000000
196.00000000000000
2209.0000000000000
324.00000000000000
484.00000000000000
2401.0000000000000
1681.0000000000000
2025.0000000000000
625.00000000000000
1024.0000000000000
961.00000000000000
900.00000000000000
900.00000000000000
2116.0000000000000
2209.0000000000000
676.00000000000000
1.0000000000000000
1444.0000000000000
2500.0000000000000
4.0000000000000000
1369.0000000000000
1369.0000000000000
64.000000000000000
196.00000000000000
1024.0000000000000
324.00000000000000
1369.0000000000000
1849.0000000000000
1681.0000000000000
9.0000000000000000
1521.0000000000000
1225.0000000000000
9.0000000000000000
576.00000000000000
2304.0000000000000
169.00000000000000
1936.0000000000000
676.00000000000000
441.00000000000000
100.00000000000000
625.00000000000000
1849.0000000000000
25.000000000000000
400.00000000000000
1156.0000000000000
1369.0000000000000
1521.0000000000000
1444.0000000000000
100.00000000000000
961.00000000000000
2500.0000000000000
64.000000000000000
16.000000000000000
225.00000000000000
225.00000000000000
1444.0000000000000
529.00000000000000
81.000000000000000
2116.0000000000000
961.00000000000000
841.00000000000000
900.00000000000000
16.000000000000000
361.00000000000000
121.00000000000000
1521.0000000000000
484.00000000000000
1369.0000000000000
784.00000000000000
2025.0000000000000
900.00000000000000
625.00000000000000
676.00000000000000
2025.0000000000000
1444.0000000000000
361.00000000000000
81.000000000000000
1024.0000000000000
400.00000000000000
1369.0000000000000
225.00000000000000
1156.0000000000000
25.000000000000000
1681.0000000000000
2209.0000000000000
625.00000000000000
2401.0000000000000
1296.0000000000000
900.00000000000000
1600.0000000000000
49.000000000000000
961.00000000000000
1936.0000000000000
25.000000000000000
225.00000000000000
225.00000000000000
676.00000000000000
2500.0000000000000
289.00000000000000
625.00000000000000
1849.0000000000000
576.00000000000000
784.00000000000000
2401.0000000000000
784.00000000000000
484.00000000000000
2209.0000000000000
1.0000000000000000
400.00000000000000
1849.0000000000000
256.00000000000000
289.00000000000000
1764.0000000000000
1681.0000000000000
961.00000000000000
784.00000000000000
225.00000000000000
361.00000000000000
529.00000000000000
4.0000000000000000
1089.0000000000000
256.00000000000000
529.00000000000000
2209.0000000000000
361.00000000000000
49.000000000000000
169.00000000000000
1849.0000000000000
625.00000000000000
100.00000000000000
441.00000000000000
1600.0000000000000
729.00000000000000
625.00000000000000
169.00000000000000
1156.0000000000000
784.00000000000000
400.00000000000000
441.00000000000000
961.00000000000000
1296.0000000000000
25.000000000000000
256.00000000000000
225.00000000000000
784.00000000000000
484.00000000000000
400.00000000000000
676.00000000000000
484.00000000000000
4.0000000000000000
361.00000000000000
1225.0000000000000
1444.0000000000000
1.0000000000000000
81.000000000000000
576.00000000000000
121.00000000000000
121.00000000000000
144.00000000000000
529.00000000000000
484.00000000000000
1369.0000000000000
2304.0000000000000
196.00000000000000
25.000000000000000
484.00000000000000
256.00000000000000
225.00000000000000
361.00000000000000
1089.0000000000000
16.000000000000000
625.00000000000000
1521.0000000000000
2401.0000000000000
961.00000000000000
1296.0000000000000
2116.0000000000000
1156.0000000000000
1764.0000000000000
1156.0000000000000
196.00000000000000
1600.0000000000000
121.00000000000000
961.00000000000000
1849.0000000000000
2116.0000000000000
64.000000000000000
289.00000000000000
324.00000000000000
576.00000000000000
1764.0000000000000
1764.0000000000000
1600.0000000000000
64.000000000000000
576.00000000000000
784.00000000000000
784.00000000000000
196.00000000000000
1089.0000000000000
1600.0000000000000
2025.0000000000000
100.00000000000000
144.00000000000000
2401.0000000000000
1521.0000000000000
784.00000000000000
1764.0000000000000
1225.0000000000000
729.00000000000000
2116.0000000000000
289.00000000000000
400.00000000000000
400.00000000000000
100.00000000000000
2401.0000000000000
225.00000000000000
2209.0000000000000
1089.0000000000000
49.000000000000000
1369.0000000000000
1444.0000000000000
2025.0000000000000
576.00000000000000
1156.0000000000000
625.00000000000000
2500.0000000000000
1444.0000000000000
16.000000000000000
1.0000000000000000
100.00000000000000
676.00000000000000
121.00000000000000
729.00000000000000
64.000000000000000
81.000000000000000
676.00000000000000
64.000000000000000
25.000000000000000
196.00000000000000
2116.0000000000000
1225.0000000000000
2116.0000000000000
484.00000000000000
2401.0000000000000
16.000000000000000
81.000000000000000
1089.0000000000000
169.00000000000000
64.000000000000000
961.00000000000000
9.0000000000000000
1.0000000000000000
1369.0000000000000
1.0000000000000000
961.00000000000000
4.0000000000000000
400.00000000000000
529.00000000000000
484.00000000000000
900.00000000000000
4.0000000000000000
81.000000000000000
400.00000000000000
2500.0000000000000
1600.0000000000000
1296.0000000000000
1089.0000000000000
1764.0000000000000
361.00000000000000
576.00000000000000
1225.0000000000000
9.0000000000000000
2209.0000000000000
196.00000000000000
529.00000000000000
1764.0000000000000
625.00000000000000
100.00000000000000
1600.0000000000000
841.00000000000000
2401.0000000000000
729.00000000000000
441.00000000000000
256.00000000000000
169.00000000000000
1681.0000000000000
169.00000000000000
196.00000000000000
400.00000000000000
484.00000000000000
529.00000000000000
1681.0000000000000
900.00000000000000
2304.0000000000000
169.00000000000000
81.000000000000000
729.00000000000000
1849.0000000000000
1444.0000000000000
529.00000000000000
441.00000000000000
1849.0000000000000
1600.0000000000000
400.00000000000000
16.000000000000000
36.000000000000000
324.00000000000000
441.00000000000000
100.00000000000000
25.000000000000000
441.00000000000000
441.00000000000000
4.0000000000000000
2209.0000000000000
225.00000000000000
1089.0000000000000
729.00000000000000
2304.0000000000000
1296.0000000000000
225.00000000000000
1296.0000000000000
121.00000000000000
144.00000000000000
1600.0000000000000
2209.0000000000000
1296.0000000000000
2025.0000000000000
256.00000000000000
900.00000000000000
25.000000000000000
4.0000000000000000
2025.0000000000000
1296.0000000000000
625.00000000000000
1600.0000000000000
576.00000000000000
676.00000000000000
1600.0000000000000
4.0000000000000000
900.00000000000000
64.000000000000000
169.00000000000000
529.00000000000000
2500.0000000000000
4.0000000000000000
1024.0000000000000
1089.0000000000000
1369.0000000000000
2025.0000000000000
25.000000000000000
121.00000000000000
4.0000000000000000
2025.0000000000000
4.0000000000000000
1024.0000000000000
2401.0000000000000
121.00000000000000
961.00000000000000
144.00000000000000
4.0000000000000000
9.0000000000000000
784.00000000000000
4.0000000000000000
484.00000000000000
2209.0000000000000
441.00000000000000
4.0000000000000000
81.000000000000000
2209.0000000000000
289.00000000000000
484.00000000000000
1024.0000000000000
2500.0000000000000
289.00000000000000
81.000000000000000
169.00000000000000
900.00000000000000
900.00000000000000
9.0000000000000000
144.00000000000000
25.000000000000000
2401.0000000000000
625.00000000000000
900.00000000000000
784.00000000000000
81.000000000000000
25.000000000000000
16.000000000000000
256.00000000000000
361.00000000000000
1156.0000000000000
625.00000000000000
1849.0000000000000
64.000000000000000
1681.0000000000000
2209.0000000000000
1024.0000000000000
225.00000000000000
49.000000000000000
4.0000000000000000
1024.0000000000000
441.00000000000000
2209.0000000000000
100.00000000000000
2116.0000000000000
784.00000000000000
4.0000000000000000
676.00000000000000
4.0000000000000000
441.00000000000000
1156.0000000000000
1024.0000000000000
169.00000000000000
1444.0000000000000
1089.0000000000000
729.00000000000000
1681.0000000000000
16.000000000000000
2500.0000000000000
961.00000000000000
2116.0000000000000
324.00000000000000
1.0000000000000000
529.00000000000000
256.00000000000000
1521.0000000000000
1764.0000000000000
1681.0000000000000
529.00000000000000
841.00000000000000
841.00000000000000
1849.0000000000000
2116.0000000000000
1849.0000000000000
2304.0000000000000
1521.0000000000000
121.00000000000000
1764.0000000000000
2209.0000000000000
1936.0000000000000
676.00000000000000
361.00000000000000
2304.0000000000000
36.000000000000000
400.00000000000000
2500.0000000000000
1089.0000000000000
676.00000000000000
529.00000000000000
81.000000000000000
169.00000000000000
361.00000000000000
729.00000000000000
1024.0000000000000
1296.0000000000000
4.0000000000000000
1.0000000000000000
961.00000000000000
225.00000000000000
36.000000000000000
1936.0000000000000
196.00000000000000
25.000000000000000
1296.0000000000000
81.000000000000000
676.00000000000000
2500.0000000000000
784.00000000000000
1681.0000000000000
625.00000000000000
1089.0000000000000
1296.0000000000000
576.00000000000000
256.00000000000000
256.00000000000000
484.00000000000000
225.00000000000000
841.00000000000000
400.00000000000000
676.00000000000000
625.00000000000000
1225.0000000000000
256.00000000000000
1444.0000000000000
4.0000000000000000
2209.0000000000000
25.000000000000000
2025.0000000000000
16.000000000000000
324.00000000000000
1764.0000000000000
1296.0000000000000
576.00000000000000
225.00000000000000
2304.0000000000000
1225.0000000000000
1681.0000000000000
2209.0000000000000
1444.0000000000000
324.00000000000000
1089.0000000000000
1296.0000000000000
441.00000000000000
1444.0000000000000
324.00000000000000
400.00000000000000
1521.0000000000000
324.00000000000000
529.00000000000000
1600.0000000000000
576.00000000000000
2209.0000000000000
64.000000000000000
729.00000000000000
1600.0000000000000
1225.0000000000000
100.00000000000000
484.00000000000000
64.000000000000000
1849.0000000000000
1936.0000000000000
900.00000000000000
225.00000000000000
784.00000000000000
81.000000000000000
36.000000000000000
4.0000000000000000
1681.0000000000000
1600.0000000000000
225.00000000000000
64.000000000000000
841.00000000000000
1024.0000000000000
1296.0000000000000
4.0000000000000000
1849.0000000000000
1156.0000000000000
169.00000000000000
25.000000000000000
1.0000000000000000
49.000000000000000
1089.0000000000000
1024.0000000000000
729.00000000000000
256.00000000000000
1444.0000000000000
441.00000000000000
36.000000000000000
625.00000000000000
576.00000000000000
1600.0000000000000
121.00000000000000
36.000000000000000
1444.0000000000000
676.00000000000000
1.0000000000000000
676.00000000000000
2304.0000000000000
1444.0000000000000
1681.0000000000000
225.00000000000000
1089.0000000000000
1024.0000000000000
900.00000000000000
2025.0000000000000
2401.0000000000000
225.00000000000000
121.00000000000000
625.00000000000000
1444.0000000000000
1296.0000000000000
729.00000000000000
1.0000000000000000
729.00000000000000
900.00000000000000
121.00000000000000
9.0000000000000000
36.000000000000000
9.0000000000000000
361.00000000000000
1.0000000000000000
225.00000000000000
676.00000000000000
16.000000000000000
121.00000000000000
784.00000000000000
25.000000000000000
1.0000000000000000
289.00000000000000
1600.0000000000000
36.000000000000000
4.0000000000000000
1444.0000000000000
144.00000000000000
361.00000000000000
676.00000000000000
784.00000000000000
484.00000000000000
36.000000000000000
529.00000000000000
784.00000000000000
625.00000000000000
64.000000000000000
1024.0000000000000
9.0000000000000000
144.00000000000000
121.00000000000000
2025.0000000000000
196.00000000000000
1936.0000000000000
49.000000000000000
36.000000000000000
1600.0000000000000
1089.0000000000000
169.00000000000000
1521.0000000000000
324.00000000000000
9.0000000000000000
576.00000000000000
841.00000000000000
484.00000000000000
1936.0000000000000
625.00000000000000
1444.0000000000000
289.00000000000000
441.00000000000000
2025.0000000000000
625.00000000000000
1296.0000000000000
841.00000000000000
81.000000000000000
324.00000000000000
1156.0000000000000
256.00000000000000
576.00000000000000
1681.0000000000000
1444.0000000000000
1936.0000000000000
16.000000000000000
1600.0000000000000
1764.0000000000000
400.00000000000000
441.00000000000000
441.00000000000000
225.00000000000000
16.000000000000000
196.00000000000000
529.00000000000000
1225.0000000000000
289.00000000000000
1296.0000000000000
484.00000000000000
441.00000000000000
2209.0000000000000
1225.0000000000000
1600.0000000000000
361.00000000000000
1521.0000000000000
2116.0000000000000
4.0000000000000000
2304.0000000000000
1521.0000000000000
1764.0000000000000
1024.0000000000000
729.00000000000000
361.00000000000000
1156.0000000000000
2025.0000000000000
2401.0000000000000
1369.0000000000000
1681.0000000000000
64.000000000000000
2025.0000000000000
16.000000000000000
1444.0000000000000
361.00000000000000
841.00000000000000
49.000000000000000
400.00000000000000
2116.0000000000000
324.00000000000000
1296.0000000000000
16.000000000000000
576.00000000000000
121.00000000000000
1600.0000000000000
1681.0000000000000
361.00000000000000
1936.0000000000000
900.00000000000000
1681.0000000000000
1225.0000000000000
4.0000000000000000
16.000000000000000
2500.0000000000000
121.00000000000000
900.00000000000000
1444.0000000000000
841.00000000000000
2500.0000000000000
576.00000000000000
16.000000000000000
1089.0000000000000
169.00000000000000
25.000000000000000
196.00000000000000
576.00000000000000
1156.0000000000000
2116.0000000000000
1444.0000000000000
2209.0000000000000
225.00000000000000
256.00000000000000
1764.0000000000000
1600.0000000000000
1.0000000000000000
441.00000000000000
784.00000000000000
256.00000000000000
625.00000000000000
1849.0000000000000
1089.0000000000000
2304.0000000000000
841.00000000000000
1521.0000000000000
4.0000000000000000
361.00000000000000
121.00000000000000
961.00000000000000
1156.0000000000000
169.00000000000000
1681.0000000000000
529.00000000000000
2209.0000000000000
1089.0000000000000
441.00000000000000
121.00000000000000
625.00000000000000
1681.0000000000000
4.0000000000000000
900.00000000000000
25.000000000000000
1024.0000000000000
