radians
0.2617993877991494
0.10471975511965978
0.767944870877505
0.2617993877991494
0.05235987755982989
0.6108652381980153
0.12217304763960307
0.03490658503988659
0.19198621771937624
0.3141592653589793
0.3141592653589793
0.7330382858376184
0.8552113334772214
0.3490658503988659
0.24434609527920614
0.29670597283903605
0.19198621771937624
0.6981317007977318
0.5759586531581288
0.3839724354387525
0.12217304763960307
0.8377580409572782
0.8726646259971648
0.10471975511965978
0.15707963267948966
0.06981317007977318
0.5585053606381855
0.7330382858376184
0.5759586531581288
0.3839724354387525
0.08726646259971647
0.19198621771937624
0.8552113334772214
0.5585053606381855
0.8203047484373349
0.767944870877505
0.017453292519943295
0.5934119456780721
0.2792526803190927
0.4363323129985824
0.5410520681182421
0.5759586531581288
0.6981317007977318
0.017453292519943295
0.6632251157578453
0.2792526803190927
0.6981317007977318
0.20943951023931956
0.4886921905584123
0.47123889803846897
0.6457718232379019
0.19198621771937624
0.24434609527920614
0.4886921905584123
0.5410520681182421
0.03490658503988659
0.4014257279586958
0.33161255787892263
0.12217304763960307
0.6632251157578453
0.4363323129985824
0.2792526803190927
0.7853981633974483
0.6457718232379019
0.5759586531581288
0.3490658503988659
0.5585053606381855
0.6457718232379019
0.8028514559173916
0.08726646259971647
0.6981317007977318
0.29670597283903605
0.6457718232379019
0.7155849933176751
0.19198621771937624
0.5759586531581288
0.8726646259971648
0.8552113334772214
0.33161255787892263
0.4886921905584123
0.29670597283903605
0.6457718232379019
0.6283185307179586
0.8377580409572782
0.22689280275926285
0.4363323129985824
0.5235987755982988
0.12217304763960307
0.4363323129985824
0.7504915783575618
0.8028514559173916
0.7155849933176751
0.767944870877505
0.4886921905584123
0.2792526803190927
0.4537856055185257
0.6806784082777885
0.10471975511965978
0.8552113334772214
0.5585053606381855
0.5235987755982988
0.4014257279586958
0.5235987755982988
0.5759586531581288
0.4886921905584123
0.08726646259971647
0.19198621771937624
0.8203047484373349
0.12217304763960307
0.5759586531581288
0.767944870877505
0.7853981633974483
0.19198621771937624
0.33161255787892263
0.8028514559173916
0.12217304763960307
0.12217304763960307
0.7330382858376184
0.8552113334772214
0.8028514559173916
0.6457718232379019
0.7155849933176751
0.3665191429188092
0.22689280275926285
0.8028514559173916
0.4363323129985824
0.8552113334772214
0.03490658503988659
0.17453292519943295
0.06981317007977318
0.4537856055185257
0.47123889803846897
0.8203047484373349
0.7853981633974483
0.29670597283903605
0.3839724354387525
0.5585053606381855
0.05235987755982989
0.4188790204786391
0.47123889803846897
0.03490658503988659
0.7155849933176751
0.7155849933176751
0.3141592653589793
0.3141592653589793
0.3839724354387525
0.017453292519943295
0.4188790204786391
0.29670597283903605
0.10471975511965978
0.6283185307179586
0.7155849933176751
0.15707963267948966
0.4886921905584123
0.8028514559173916
0.6457718232379019
0.5410520681182421
0.19198621771937624
0.03490658503988659
0.767944870877505
0.6981317007977318
0.2617993877991494
0.2617993877991494
0.03490658503988659
0.8203047484373349
0.29670597283903605
0.8203047484373349
0.8203047484373349
0.6108652381980153
0.8552113334772214
0.7504915783575618
0.5235987755982988
0.10471975511965978
0.2792526803190927
0.13962634015954636
0.05235987755982989
0.10471975511965978
0.20943951023931956
0.4188790204786391
0.6632251157578453
0.47123889803846897
0.6457718232379019
0.24434609527920614
0.3839724354387525
0.8726646259971648
0.5759586531581288
0.19198621771937624
0.12217304763960307
0.4188790204786391
0.06981317007977318
0.4886921905584123
0.8028514559173916
0.05235987755982989
0.8726646259971648
0.22689280275926285
0.8726646259971648
0.5585053606381855
0.017453292519943295
0.47123889803846897
0.17453292519943295
0.29670597283903605
0.5235987755982988
0.12217304763960307
0.8726646259971648
0.8726646259971648
0.767944870877505
0.6108652381980153
0.4886921905584123
0.8552113334772214
0.6632251157578453
0.6457718232379019
0.3490658503988659
0.05235987755982989
0.20943951023931956
0.7155849933176751
0.33161255787892263
0.47123889803846897
0.5934119456780721
0.12217304763960307
0.5934119456780721
0.5759586531581288
0.8028514559173916
0.05235987755982989
0.10471975511965978
0.6981317007977318
0.12217304763960307
0.4014257279586958
0.2617993877991494
0.8203047484373349
0.20943951023931956
0.6632251157578453
0.22689280275926285
0.12217304763960307
0.4537856055185257
0.5235987755982988
0.2792526803190927
0.3665191429188092
0.5410520681182421
0.29670597283903605
0.22689280275926285
0.6283185307179586
0.4537856055185257
0.29670597283903605
0.5410520681182421
0.10471975511965978
0.3490658503988659
0.2792526803190927
0.29670597283903605
0.08726646259971647
0.2617993877991494
0.8028514559173916
0.017453292519943295
0.3490658503988659
0.5934119456780721
0.5585053606381855
0.017453292519943295
0.4537856055185257
0.7330382858376184
0.017453292519943295
0.8028514559173916
0.7504915783575618
0.20943951023931956
0.7155849933176751
0.4886921905584123
0.4886921905584123
0.5934119456780721
0.4886921905584123
0.7330382858376184
0.47123889803846897
0.5934119456780721
0.4014257279586958
0.6283185307179586
0.06981317007977318
0.15707963267948966
0.6806784082777885
0.3490658503988659
0.767944870877505
0.8028514559173916
0.03490658503988659
0.06981317007977318
0.6108652381980153
0.6108652381980153
0.3141592653589793
0.5410520681182421
0.4014257279586958
0.6981317007977318
0.17453292519943295
0.6283185307179586
0.4014257279586958
0.13962634015954636
0.7504915783575618
0.5235987755982988
0.33161255787892263
0.13962634015954636
0.4363323129985824
0.15707963267948966
0.3490658503988659
0.6283185307179586
0.17453292519943295
0.3141592653589793
0.017453292519943295
0.017453292519943295
0.8377580409572782
0.7330382858376184
0.20943951023931956
0.3839724354387525
0.08726646259971647
0.12217304763960307
0.6806784082777885
0.5235987755982988
0.4188790204786391
0.13962634015954636
0.4014257279586958
0.6108652381980153
0.017453292519943295
0.8203047484373349
0.7330382858376184
0.29670597283903605
0.017453292519943295
0.5235987755982988
0.6283185307179586
0.29670597283903605
0.6806784082777885
0.2792526803190927
0.8203047484373349
0.5759586531581288
0.08726646259971647
0.4537856055185257
0.2617993877991494
0.8028514559173916
0.4886921905584123
0.8726646259971648
0.6457718232379019
0.4188790204786391
0.5410520681182421
0.8028514559173916
0.47123889803846897
0.4363323129985824
0.4363323129985824
0.7853981633974483
0.7504915783575618
0.2617993877991494
0.10471975511965978
0.4537856055185257
0.13962634015954636
0.15707963267948966
0.3665191429188092
0.017453292519943295
0.29670597283903605
0.33161255787892263
0.19198621771937624
0.10471975511965978
0.5759586531581288
0.8203047484373349
0.017453292519943295
0.06981317007977318
0.3839724354387525
0.6806784082777885
0.5410520681182421
0.5235987755982988
0.06981317007977318
0.03490658503988659
0.017453292519943295
0.8726646259971648
0.3490658503988659
0.3490658503988659
0.4537856055185257
0.7155849933176751
0.24434609527920614
0.6806784082777885
0.15707963267948966
0.08726646259971647
0.13962634015954636
0.8552113334772214
0.10471975511965978
0.5410520681182421
0.29670597283903605
0.5410520681182421
0.15707963267948966
0.4363323129985824
0.017453292519943295
0.017453292519943295
0.29670597283903605
0.4537856055185257
0.08726646259971647
0.6108652381980153
0.3141592653589793
0.8726646259971648
0.5410520681182421
0.10471975511965978
0.4014257279586958
0.4188790204786391
0.05235987755982989
0.47123889803846897
0.15707963267948966
0.3141592653589793
0.7330382858376184
0.3839724354387525
0.4014257279586958
0.767944870877505
0.7155849933176751
0.17453292519943295
0.7504915783575618
0.2792526803190927
0.8726646259971648
0.7504915783575618
0.5585053606381855
0.4363323129985824
0.03490658503988659
0.2792526803190927
0.5759586531581288
0.4886921905584123
0.4014257279586958
0.8552113334772214
0.3665191429188092
0.6283185307179586
0.06981317007977318
0.5410520681182421
0.3665191429188092
0.5235987755982988
0.05235987755982989
0.08726646259971647
0.5061454830783556
0.4188790204786391
0.8028514559173916
0.4886921905584123
0.4014257279586958
0.05235987755982989
0.017453292519943295
0.7504915783575618
0.4188790204786391
0.6457718232379019
0.6457718232379019
0.5410520681182421
0.17453292519943295
0.5235987755982988
0.2792526803190927
0.15707963267948966
0.33161255787892263
0.5759586531581288
0.12217304763960307
0.6457718232379019
0.6457718232379019
0.12217304763960307
0.8726646259971648
0.767944870877505
0.5759586531581288
0.13962634015954636
0.47123889803846897
0.6283185307179586
0.6457718232379019
0.7853981633974483
0.6632251157578453
0.08726646259971647
0.2617993877991494
0.8203047484373349
0.4363323129985824
0.33161255787892263
0.5934119456780721
0.20943951023931956
0.5061454830783556
0.7504915783575618
0.8377580409572782
0.5410520681182421
0.3141592653589793
0.2617993877991494
0.3665191429188092
0.2792526803190927
0.15707963267948966
0.2792526803190927
0.15707963267948966
0.2617993877991494
0.22689280275926285
0.47123889803846897
0.29670597283903605
0.017453292519943295
0.8552113334772214
0.19198621771937624
0.3665191429188092
0.33161255787892263
0.8377580409572782
0.19198621771937624
0.8552113334772214
0.06981317007977318
0.6108652381980153
0.13962634015954636
0.19198621771937624
0.5410520681182421
0.7330382858376184
0.6806784082777885
0.12217304763960307
0.6457718232379019
0.7853981633974483
0.767944870877505
0.5934119456780721
0.5235987755982988
0.7853981633974483
0.17453292519943295
0.8028514559173916
0.22689280275926285
0.4537856055185257
0.5585053606381855
0.3665191429188092
0.8203047484373349
0.29670597283903605
0.6283185307179586
0.24434609527920614
0.2792526803190927
0.8203047484373349
0.6632251157578453
0.47123889803846897
0.6108652381980153
0.6981317007977318
0.6283185307179586
0.3490658503988659
0.2617993877991494
0.6806784082777885
0.3490658503988659
0.7155849933176751
0.4537856055185257
0.4363323129985824
0.7155849933176751
0.2617993877991494
0.5934119456780721
0.6632251157578453
0.8203047484373349
0.017453292519943295
0.10471975511965978
0.06981317007977318
0.47123889803846897
0.17453292519943295
0.47123889803846897
0.2792526803190927
0.6632251157578453
0.17453292519943295
0.017453292519943295
0.5759586531581288
0.4014257279586958
0.5061454830783556
0.3839724354387525
0.22689280275926285
0.47123889803846897
0.2617993877991494
0.22689280275926285
0.5410520681182421
0.3665191429188092
0.7504915783575618
0.5759586531581288
0.3839724354387525
0.5235987755982988
0.4188790204786391
0.8552113334772214
0.6283185307179586
0.5759586531581288
0.15707963267948966
0.29670597283903605
0.15707963267948966
0.8552113334772214
0.2617993877991494
0.20943951023931956
0.8377580409572782
0.8552113334772214
0.6806784082777885
0.017453292519943295
0.6981317007977318
0.5235987755982988
0.08726646259971647
0.6806784082777885
0.5934119456780721
0.3490658503988659
0.4014257279586958
0.5585053606381855
0.5934119456780721
0.6283185307179586
0.24434609527920614
0.08726646259971647
0.3141592653589793
0.6457718232379019
0.6108652381980153
0.4886921905584123
0.6632251157578453
0.19198621771937624
0.06981317007977318
0.017453292519943295
0.8726646259971648
0.4886921905584123
0.20943951023931956
0.13962634015954636
0.8726646259971648
0.05235987755982989
0.3665191429188092
0.8726646259971648
0.6283185307179586
0.4014257279586958
0.24434609527920614
0.6632251157578453
0.7155849933176751
0.12217304763960307
0.4014257279586958
0.3839724354387525
0.5934119456780721
0.6981317007977318
0.06981317007977318
0.5061454830783556
0.7330382858376184
0.3490658503988659
0.08726646259971647
0.03490658503988659
0.6981317007977318
0.2617993877991494
0.3665191429188092
0.22689280275926285
0.4014257279586958
0.5235987755982988
0.05235987755982989
0.3490658503988659
0.6806784082777885
0.05235987755982989
0.15707963267948966
0.3665191429188092
0.8203047484373349
0.47123889803846897
0.6283185307179586
0.08726646259971647
0.24434609527920614
0.19198621771937624
0.3839724354387525
0.29670597283903605
0.4537856055185257
0.08726646259971647
0.19198621771937624
0.7155849933176751
0.05235987755982989
0.5410520681182421
0.2792526803190927
0.20943951023931956
0.4886921905584123
0.05235987755982989
0.29670597283903605
0.08726646259971647
0.5061454830783556
0.2617993877991494
0.6283185307179586
0.7330382858376184
0.8552113334772214
0.20943951023931956
0.5585053606381855
0.2792526803190927
0.17453292519943295
0.6806784082777885
0.13962634015954636
0.4188790204786391
0.15707963267948966
0.29670597283903605
0.4363323129985824
0.7155849933176751
0.03490658503988659
0.33161255787892263
0.017453292519943295
0.10471975511965978
0.3141592653589793
0.3141592653589793
0.7155849933176751
0.3665191429188092
0.10471975511965978
0.5759586531581288
0.6981317007977318
0.5585053606381855
0.5410520681182421
0.7330382858376184
0.4188790204786391
0.12217304763960307
0.3490658503988659
0.7155849933176751
0.4363323129985824
0.8377580409572782
0.24434609527920614
0.15707963267948966
0.7155849933176751
0.5759586531581288
0.7504915783575618
0.06981317007977318
0.2617993877991494
0.2617993877991494
0.08726646259971647
0.29670597283903605
0.3490658503988659
0.47123889803846897
0.05235987755982989
0.8726646259971648
0.24434609527920614
0.7504915783575618
0.017453292519943295
0.4188790204786391
0.03490658503988659
0.5585053606381855
0.8377580409572782
0.10471975511965978
0.6457718232379019
0.4886921905584123
0.8552113334772214
0.6632251157578453
0.5410520681182421
0.10471975511965978
0.12217304763960307
0.8377580409572782
0.19198621771937624
0.47123889803846897
0.4363323129985824
0.12217304763960307
0.08726646259971647
0.4363323129985824
0.3141592653589793
0.4886921905584123
0.8377580409572782
0.19198621771937624
0.6283185307179586
0.5410520681182421
0.05235987755982989
0.017453292519943295
0.24434609527920614
0.5585053606381855
0.7155849933176751
0.29670597283903605
0.5235987755982988
0.8028514559173916
0.24434609527920614
0.7853981633974483
0.20943951023931956
0.17453292519943295
0.5235987755982988
0.8726646259971648
0.7504915783575618
0.7504915783575618
0.8552113334772214
0.7853981633974483
0.7330382858376184
0.3839724354387525
0.2617993877991494
0.15707963267948966
0.8726646259971648
0.6108652381980153
0.2617993877991494
0.10471975511965978
0.10471975511965978
0.20943951023931956
0.4014257279586958
0.5585053606381855
0.6457718232379019
0.7504915783575618
0.22689280275926285
0.08726646259971647
0.6981317007977318
0.6632251157578453
0.7330382858376184
0.2792526803190927
0.3665191429188092
0.7853981633974483
0.3839724354387525
0.8726646259971648
0.06981317007977318
0.7330382858376184
0.5934119456780721
0.3490658503988659
0.47123889803846897
0.03490658503988659
0.3839724354387525
0.6457718232379019
0.24434609527920614
0.5061454830783556
0.5759586531581288
0.767944870877505
0.4188790204786391
0.2617993877991494
0.8377580409572782
0.4014257279586958
0.4886921905584123
0.4537856055185257
0.15707963267948966
0.8028514559173916
0.15707963267948966
0.7330382858376184
0.8203047484373349
0.5410520681182421
0.4363323129985824
0.6457718232379019
0.7504915783575618
0.4886921905584123
0.4014257279586958
0.12217304763960307
0.5235987755982988
0.8203047484373349
0.3665191429188092
0.12217304763960307
0.2792526803190927
0.08726646259971647
0.8203047484373349
0.8377580409572782
0.5410520681182421
0.29670597283903605
0.05235987755982989
0.5235987755982988
0.22689280275926285
0.5759586531581288
0.2792526803190927
0.8028514559173916
0.3839724354387525
0.03490658503988659
0.6108652381980153
0.4886921905584123
0.6283185307179586
0.017453292519943295
0.13962634015954636
0.6806784082777885
0.4886921905584123
0.22689280275926285
0.6283185307179586
0.13962634015954636
0.47123889803846897
0.3141592653589793
0.6457718232379019
0.5235987755982988
0.7504915783575618
0.4014257279586958
0.13962634015954636
0.4014257279586958
0.19198621771937624
0.5759586531581288
0.7155849933176751
0.8552113334772214
0.20943951023931956
0.767944870877505
0.15707963267948966
0.7330382858376184
0.03490658503988659
0.6283185307179586
0.6806784082777885
0.29670597283903605
0.3490658503988659
0.6283185307179586
0.33161255787892263
0.2617993877991494
0.24434609527920614
0.15707963267948966
0.3839724354387525
0.4537856055185257
0.7504915783575618
0.10471975511965978
0.8552113334772214
0.4537856055185257
0.08726646259971647
0.3141592653589793
0.017453292519943295
0.17453292519943295
0.3665191429188092
0.8203047484373349
0.8203047484373349
0.2617993877991494
0.8377580409572782
0.4363323129985824
0.5759586531581288
0.03490658503988659
0.12217304763960307
0.5585053606381855
0.06981317007977318
0.29670597283903605
0.017453292519943295
0.767944870877505
0.7330382858376184
0.5235987755982988
0.4014257279586958
0.6108652381980153
0.4014257279586958
0.10471975511965978
0.7853981633974483
0.29670597283903605
0.4014257279586958
0.7155849933176751
0.6283185307179586
0.03490658503988659
0.13962634015954636
0.3839724354387525
0.6457718232379019
0.20943951023931956
0.3141592653589793
0.7155849933176751
0.08726646259971647
0.8203047484373349
0.6108652381980153
0.03490658503988659
0.15707963267948966
0.12217304763960307
0.7504915783575618
0.5585053606381855
0.2792526803190927
0.33161255787892263
0.5410520681182421
0.767944870877505
0.3665191429188092
0.08726646259971647
0.3665191429188092
0.6283185307179586
0.20943951023931956
0.6283185307179586
0.5061454830783556
0.8203047484373349
0.19198621771937624
0.03490658503988659
0.7504915783575618
0.13962634015954636
0.08726646259971647
0.4363323129985824
0.4188790204786391
0.19198621771937624
0.5061454830783556
0.22689280275926285
0.4886921905584123
0.15707963267948966
0.7504915783575618
0.4014257279586958
0.5934119456780721
0.5061454830783556
0.6283185307179586
0.6457718232379019
0.20943951023931956
0.2792526803190927
0.3665191429188092
0.06981317007977318
0.2792526803190927
0.4363323129985824
0.5410520681182421
0.8726646259971648
0.47123889803846897
0.5235987755982988
0.4886921905584123
0.13962634015954636
0.017453292519943295
0.6632251157578453
0.13962634015954636
0.6981317007977318
0.2792526803190927
0.6108652381980153
0.3490658503988659
0.33161255787892263
0.2617993877991494
0.6457718232379019
0.2617993877991494
0.03490658503988659
0.8726646259971648
0.24434609527920614
0.5061454830783556
0.4537856055185257
0.2792526803190927
0.7155849933176751
0.017453292519943295
0.08726646259971647
0.03490658503988659
0.3490658503988659
0.3490658503988659
0.47123889803846897
0.6981317007977318
0.17453292519943295
0.47123889803846897
0.017453292519943295
0.05235987755982989
0.5235987755982988
0.20943951023931956
0.2617993877991494
0.8552113334772214
0.15707963267948966
0.10471975511965978
0.7330382858376184
0.22689280275926285
0.5061454830783556
0.8028514559173916
0.12217304763960307
0.6108652381980153
0.4537856055185257
0.8377580409572782
0.24434609527920614
0.12217304763960307
0.7504915783575618
0.767944870877505
0.33161255787892263
0.05235987755982989
0.3665191429188092
0.6806784082777885
0.03490658503988659
0.6283185307179586
0.4537856055185257
0.6806784082777885
0.6457718232379019
0.05235987755982989
0.5061454830783556
0.2617993877991494
0.29670597283903605
0.13962634015954636
0.7504915783575618
0.06981317007977318
0.8552113334772214
