random
0.0006738056650821278
0.11995374173377704
0.32388928245590143
0.4437299521849418
0.02397263439453301
0.5577244942761972
0.2501489159724335
0.28619828684122495
0.44577478321884234
0.7966943832726361
0.9325715648878776
0.8991136791060936
0.28877903176067243
0.4698955739231383
0.9822938519917552
0.3643015842315107
0.43981067482526837
0.9124235081856349
0.9234491321819605
0.9984162574471813
0.7697067383122358
0.46402619282994206
0.032438434250795956
0.009029828533715367
0.12270928454359509
0.3719025171035646
0.6333674080374574
0.46353032629625823
0.7928985118425882
0.7225262653991944
0.5176229356259079
0.9417524363971785
0.6345727753717239
0.49064384156312424
0.6639035500570647
0.3442180259513248
0.9039473547182819
0.19693212132206894
0.3430575208648914
0.4899470359991569
0.5627857501171432
0.15410574678531375
0.666020080557546
0.24320517653231222
0.8278175678043507
0.7513473894144249
0.9473686104117383
0.38186572465660906
0.6452863814982739
0.7965516310920091
0.5659256194994184
0.25506607483605337
0.4572925667835095
0.9530200892717133
0.5697197804002516
0.0175781299612634
0.6418754361867307
0.12680155674552562
0.6499459474489622
0.5975322349505499
0.35644343177321147
0.3539083860651431
0.4952586499943983
0.5571479996437518
0.35609021996897017
0.07588636682481797
0.8830667746611742
0.11307619370749622
0.7509627853724932
0.7956232768973748
0.8827151735079206
0.6577994361463426
0.20583263192075707
0.8954496771421192
0.6508129909420888
0.8978616443363248
0.5928339190781255
0.1233922069893536
0.776816317538775
0.7367829437498772
0.14499796226753925
0.6731977923994248
0.39500229841832213
0.29245930555983524
0.8093114745918866
0.538118252976604
0.8533133167439524
0.9452621957388443
0.34773014584532946
0.15317246411237817
0.25017419302349597
0.0069718221472354625
0.3579534744212962
0.3598715545887834
0.962898023769363
0.3690763388729186
0.4628181227036483
0.5389546088122297
0.1724406843859445
0.5456143334571024
0.556602954344732
0.6763250467473838
0.5628363677443937
0.7906332858490961
0.6170085906415044
0.6753749911201128
0.4560132980316982
0.0741339329409223
0.779497790703543
0.48924507194935063
0.786430453924867
0.9681317788087409
0.9689226493955891
0.0789575476055242
0.05690937128275664
0.04758719147081569
0.9921976785162625
0.04403063870902013
0.43652564908965474
0.6789609343012712
0.10537811838216693
0.22472353915413046
0.8671137915665679
0.939643631793954
0.03256264690481947
0.9284934002893095
0.46324646749789733
0.32548311547414555
0.32530707011536397
0.3524234051809185
0.51200187790272
0.8883725471478934
0.7807530580676285
0.44184961739667306
0.600124268550698
0.6756610937044469
0.9281869084703942
0.21019547433034225
0.24689593492508433
0.5390827611002471
0.3891809854881638
0.29397340372215863
0.05547971457363743
0.9265253860524383
0.5729243717141601
0.605117395789377
0.662422950618808
0.08249226614295191
0.10835994158261641
0.027060592203552503
0.19830462305005847
0.9657989522628945
0.9762224747775867
0.9356397142531139
0.7851410742739613
0.04100292673767503
0.10761301686504288
0.3011435940231204
0.4425501305425277
0.7279035857671965
0.9827525344907655
0.8623332441707028
0.373702853043554
0.5414834344923443
0.23198637976962488
0.6783696044213157
0.6658380159134452
0.6419537338830055
0.6543503208074151
0.3068411667558235
0.35215553138008815
0.39650871065145
0.7724683336951903
0.2246938700650729
0.13629861896934536
0.7010660611583532
0.4279360604311879
0.43480910666749484
0.8234024235656348
0.3697118246502151
0.19349415385823332
0.5995257034634487
0.09000878357095021
0.31976050530509825
0.22082944630452261
0.8079442252515667
0.16597305976577514
0.4757407701186711
0.3639628493164613
0.8991140346319006
0.6399119313599422
0.25074759790333423
0.8474260565333049
0.4799461760252528
0.5867966738212422
0.8584754968700063
0.5166850326476708
0.0897675988083273
0.7219003413178424
0.801967777136326
0.11058960153723829
0.7003744449127691
0.7299552739485922
0.7192756292362001
0.5115563627509803
0.664693905621659
0.45947453633913615
0.5509109356032462
0.3628416718001146
0.4515275913261225
0.35835605295806294
0.47606846739708497
0.6878506554023689
0.9485456187382741
0.0523780115474064
0.7940901251227506
0.5125424128516065
0.04204063599682262
0.6533965379239319
0.8802957689597355
0.728770767948709
0.812048890272268
0.23222047354832043
0.46677566120346237
0.5119068741698971
0.1508346979372981
0.4072212008705638
0.35142486825729957
0.08228369249168122
0.1326053164376202
0.9785513800654775
0.2896549269765101
0.6472173281345688
0.33106555868231724
0.6830350004387926
0.3030336501223143
0.04683976120771227
0.7207921505130261
0.6289748138929474
0.5250989136260609
0.0025759890453729284
0.3939452973085289
0.06055465020062756
0.80074707008954
0.015157227713076926
0.029405040407187277
0.7061084700612572
0.22045122194706868
0.7010644129489714
0.6410496670820391
0.4596110649658258
0.7590905764345166
0.9740181792059095
0.9848543574640203
0.912822005957272
0.7732527259305817
0.5820984240431153
0.6130223378596285
0.3378970914707182
0.8427446555481133
0.2307904692647864
0.38562580687881387
0.5964255581514002
0.536666690363699
0.025135001677806912
0.2136720865080659
0.6267036396935133
0.41560737187272867
0.4581373073940318
0.6410058313472216
0.7328746962093005
0.020677985024055268
0.03674524254959133
0.44174980394351393
0.3703798638314644
0.7473220770855553
0.8648155178120123
0.0952947480422841
0.22903414792630694
0.12055044538916415
0.8756663231423831
0.8676055140523964
0.3203610321152024
0.12039917364510422
0.2750360291611269
0.14453870776573208
0.36927686839953533
0.7864360943227062
0.6065290977143749
0.9106764522165982
0.12668729351425423
0.11172747270795713
0.47144032031188154
0.4349323717239395
0.7139773579825259
0.16175452189619155
0.5106293635267822
0.3997926862309402
0.8810250579819552
0.3845847511571736
0.7663632607788724
0.6058062960584576
0.008471215936604048
0.9820624801867617
0.19074857587516192
0.9616922082958419
0.4083384740599787
0.8908980829153688
0.5784243845862262
0.7860108082998167
0.4486809219663781
0.27149366312979684
0.6498124464211572
0.8544510196998449
0.7025193992053254
0.3487992843660308
0.6644730488215083
0.5530279417518267
0.29742855076162567
0.9631784724378827
0.2664808545102846
0.012246401865221745
0.2105476055119122
0.23450013151213533
0.04193113087557632
0.595505263651966
0.35621997513729275
0.6676852861333733
0.39158960890714445
0.09387672594702678
0.29579450169614874
0.8422591960785282
0.5472830955413959
0.9968602985597486
0.5332913742087315
0.8384952526833158
0.06343197534169898
0.6018850862082779
0.34304776965327677
0.342370501564377
0.8086862440326472
0.991170685280661
0.4721027576074961
0.5876213501469891
0.21017602175354955
0.6095727665098278
0.96232929901982
0.011605365557777025
0.5372576193684078
0.912339183862267
0.7331866284532904
0.010672568802257754
0.44149610446447607
0.08524418617952723
0.9676959901541207
0.46060781535161
0.0870629610215985
0.629289792939306
0.8780645371362303
0.025805692826690985
0.6045951391597029
0.08475926606494455
0.04209101254431635
0.4336794859837043
0.7144576747259659
0.5786583926470366
0.5135349471732236
0.32276281258250283
0.41467454301849416
0.5507901486852327
0.8907531605981132
0.37160406396164203
0.7027028437381995
0.8682945533944848
0.20543001297556418
0.23507438516510426
0.7680293816258785
0.20933590592024398
0.8333738803481159
0.9847391575144442
0.3996114265608903
0.4192812238264165
0.5000191732529249
0.08767081739433347
0.24714366679512323
0.633896930802494
0.8725803527503799
0.3102648062487987
0.34950332962556296
0.7452085856069166
0.19250802762034502
0.3910622064906022
0.4879350551774819
0.45726933138122194
0.008024184716360239
0.7822673357992458
0.7453512732767247
0.3393397042288593
0.796834699810463
0.2552302540620377
0.7975553722171338
0.056548623961069744
0.2677191399325143
0.9106145977374132
0.9898917132615197
0.616828321956588
0.13451934084184813
0.9087200882863824
0.6547569429832147
0.11892160666104057
0.5775232247726909
0.8020334756884806
0.7295241498201481
0.11031115879900066
0.07096408609249827
0.09228324800970245
0.002860150701591513
0.06827812359360852
0.3347495243853611
0.9189063923096341
0.10581247995220022
0.16716338853798574
0.272166660641858
0.0020464190547921923
0.3609105027338082
0.4784259429885087
0.9967495199561425
0.19047844103809286
0.7974161924371468
0.7279850482421952
0.5865727741952684
0.551974947579486
0.06055985767665861
0.1474303730442661
0.23447655284900093
0.852294273163771
0.8702535024190883
0.9558490783024236
0.5058220169797947
0.5199486026576388
0.6262232394086669
0.020386464428365336
0.4719747303284605
0.6261623127710145
0.6733313247366737
0.8158143350903153
0.18947511061475186
0.42589666003772075
0.6289187150495996
0.4311534707039604
0.5380652448990546
0.5604298429146848
0.7659861582714764
0.8186645424452603
0.11466581589672664
0.9371701611573968
0.9220663313538959
0.23562350011218358
0.21810841405652526
0.5040800723560932
0.4192177834578319
0.7884748392024807
0.9777639437499042
0.4617949062417783
0.059529829612387175
0.027250471455671166
0.06696030397626829
0.7561003303320413
0.802965103056599
0.11287058513535886
0.2488699228459852
0.02996314615530027
0.5893288801819905
0.9138079385307141
0.10880658396061804
0.2951838264734028
0.1331783169430214
0.6187744140747331
0.6666337895925003
0.24042964260054234
0.6988007626066375
0.5136472939772623
0.7797752392118722
0.9993084776877252
0.03279517042447777
0.8143580447276135
0.2569377894489244
0.042647113069468556
0.6187976558202664
0.2696517424949971
0.877692739469546
0.7779854102054442
0.8321368161006641
0.48979218551532977
0.5791432218642829
0.17061773196281793
0.6415139957921223
0.5620940061077746
0.5193850542107707
0.967206642041007
0.5472541934312196
0.4213468651973937
0.94111082501385
0.17534523147478898
0.16114199778816518
0.8518110484071035
0.6132843104874355
0.34545320808193836
0.32325169259964914
0.5507204305760327
0.994826277841812
0.8058305746447962
0.9431935672295388
0.8157902869804863
0.654347522080639
0.2495347935401251
0.33784667433065785
0.6786725033545489
0.528258625843782
0.4623904402272765
0.6754964531874168
0.38811030231038157
0.5333867185308125
0.06867457570880386
0.35079279600293156
0.9331106745047484
0.6386920379728076
0.5385137918298601
0.9620149976297159
0.6827983612075452
0.6093379235077059
0.5259632357107298
0.027332464165615633
0.05753975260685329
0.22813564477269677
0.16458562229856266
0.6239777910741702
0.06235306040948241
0.17221717888028198
0.2397184947413118
0.21852620900915887
0.9732800338132177
0.3854156802941173
0.859439177892247
0.9687672083745453
0.8664597099714864
0.679238262169634
0.4055983673713601
0.9865564218475538
0.43369766600357984
0.40508021206955025
0.7247833467168041
0.2960924888198293
0.027134567600815007
0.762971145153746
0.6057507127033801
0.29715966298953034
0.19669103992485493
0.12441136563760846
0.15616484540157405
0.9732896632941059
0.7835818975997102
0.11433803925436425
0.12261291359398907
0.2998899070326553
0.8963481478340434
0.37237688843939587
0.9790638061789478
0.5141257307232174
0.9475621457697603
0.695735955524792
0.027938837477062606
0.10772319300412558
0.9938511127251979
0.9004402394445099
0.652925157220736
0.36372703027746844
0.0981357225218138
0.5524591726331043
0.18438481918576488
0.876046583984103
0.8892281238355373
0.6279084163518851
0.7555152293612417
0.9115912200069614
0.3011664918761481
0.9774429803039755
0.3841124506189624
0.4026861537310298
0.2279443907418901
0.4617637127617644
0.6186269470500843
0.14275121535012802
0.2994801467431951
0.16060089038167047
0.16803525262291963
0.2799580470967242
0.5245382980460462
0.3999114904332717
0.31594064835338753
0.6992777531519028
0.7259471397391846
0.7894958326887507
0.4026156700491754
0.1063122460307353
0.9065556206205401
0.8091946408732804
0.7929797661097742
0.0881789310596448
0.843103005368576
0.9309346967301497
0.752205000190479
0.08768440403807398
0.5571213632480179
0.36547078137074696
0.7195052972516258
0.5209494526805298
0.8840475031846082
0.02623126578063406
0.8191338731308326
0.6045352181694759
0.056568628755306216
0.5302885001449698
0.12184336313227395
0.13951299555123065
0.002172529488999153
0.541264379444804
0.9376924477269033
0.06017327843380649
0.10189617421368746
0.7630099116270561
0.504226882234948
0.733247140453543
0.6682203180870459
0.6609031866987862
0.3215401652115779
0.02260076206189754
0.9961075630309375
0.3123435115689588
0.2648435789964694
0.12143541984103856
0.4777591101943681
0.21794773257691258
0.7398206495771593
0.1568586230944835
0.4476334666383692
0.49511830802249546
0.7851612298817561
0.5529541231941144
0.01917932408295142
0.1487856348362515
0.03184514731448629
0.5636581625129675
0.7067714326451917
0.8738656728951637
0.0058542563732995045
0.9476734930971822
0.4694967309727036
0.7061430575673167
0.028310328272862284
0.8818397836381193
0.18200985214343235
0.4279927538591819
0.4997728864274742
0.8375912144391591
0.5123173051319896
0.7121245807970182
0.4431469087022062
0.8209213254308709
0.6619232600381839
0.37342921849108546
0.37597426421365565
0.3731255649208238
0.8361602510773494
0.1832049865983596
0.3266948314416036
0.4792651782990427
0.4297584227767228
0.43736170636172655
0.28261610300812934
0.49614368342363635
0.4009161681125262
0.3593352510626835
0.5420887374791874
0.2554456881574705
0.9581841933871813
0.7881570662152215
0.48218548266011574
0.3095228908326373
0.04004219387647434
0.7685979457206042
0.36007409585277084
0.43723383038030783
0.7028637045875403
0.1565463831994618
0.5201981602888734
0.7139203983786535
0.7950302454895648
0.01254294138821166
0.876254870511159
0.008989672157756035
0.5181249280923992
0.14271538760129054
0.44120335094154495
0.006772432606328982
0.1896808007209978
0.4102730639422256
0.6678243528208658
0.473124268731977
0.01922274368688437
0.5189476041298384
0.432383582215055
0.9280307446612788
0.804491697566385
0.58418157956176
0.3018976217230491
0.8433369453164035
0.027116509489626628
0.5469134421725934
0.3252180484350129
0.330389171391511
0.1871135564660653
0.6573910708899597
0.6432775591738
0.23444816904888666
0.37659332048077654
0.2300826610295228
0.09166657150199331
0.4880439530618419
0.09334340190633084
0.6693099368339515
0.8327248314855262
0.813367683777549
0.08823741218391756
0.2628973887897157
0.24002073570960403
0.8689511269752404
0.28850766291948715
0.925586928894951
0.18028261691206038
0.019726759267930216
0.7984992112076859
0.019077594749288718
0.5397963541068342
0.4187639974396913
0.21660185353981642
0.7406129504319294
0.07837139266510018
0.11469883729657115
0.08014189712381836
0.9092301106707728
0.898549247000983
0.1650565108059565
0.23052828891929833
0.11249778567163804
0.18997979225754635
0.8838750764290064
0.29330219072978303
0.1361902733234468
0.08299723358329891
0.3567407564108218
0.8348398779602118
0.6630503566721373
0.9018601017963921
0.1290301870506878
0.9765338947506366
0.8659878830473329
0.9771356437747889
0.7620644379495531
0.6968428824262676
0.6246073333167599
0.39943442686248476
0.8249339491435919
0.7585168886749869
0.8440773883369352
0.7179530984446387
0.6878306715519209
0.05956594680630278
0.5062751115948554
0.820923192289851
0.6338918284726043
0.1617122114306433
0.7752907540173841
0.5701727163231116
0.8300750280275722
0.1923736602158399
0.9913901368256575
0.7074672232935302
0.7909942117243731
0.7700975231483564
0.40009978141074565
0.009675901154135857
0.9390264169370146
0.562531337658819
0.016669820949886782
0.40843531467414684
0.3615209195420128
0.30982299521017365
0.38583308479610245
0.9448153846264011
0.46668917974216173
0.06994669502275652
0.877289540408448
0.5494538922130352
0.33345143450428383
0.01836999174237608
0.8191771966869963
0.3945063372231168
0.3231244461302032
0.5761443978575775
0.8651842423300495
0.5553421619819532
0.9247916780454333
0.24144653498762958
0.9764694218118553
0.918626453742807
0.4924363229692106
0.33390544926863863
0.026371642328403944
0.25890195813523853
0.6001687566572085
0.896917870784385
0.008255313612387072
0.9028254332967527
0.24123954614056609
0.16817402604849851
0.16087426683794104
0.8611228735128718
0.08006353681569389
0.34786077584848374
0.05289950573789248
0.575672759863034
0.17877324428422448
0.22368771121903275
0.4306840367153899
0.06770276471640613
0.3977598531286082
0.3241844897560433
0.8996503428037668
0.058098384069706244
0.12228564802871977
0.4082648209213364
0.3246039716341649
0.015711694140982058
0.5706798273643616
0.8511740548409297
0.5069200626031702
0.6188190963907128
0.960107094099975
0.5557339142289128
0.8055525385298434
0.7836369001440262
0.2305682023257245
0.10940707597868471
0.7868478115674524
0.1543916203737925
0.6028649352907505
0.5894188438693786
0.43680466620332625
0.3521942316173483
0.5459266884077696
0.5777129332335675
0.7400947539098444
0.48329950691200163
0.8935660281858739
0.16034375413003898
0.330603401111186
0.7624440014772227
0.7687614191828498
0.4255203050595553
0.6772992311341755
0.08746674770908314
0.278668569013381
0.9324314695518128
0.6604281233137026
0.694362650690358
0.7884768083768801
0.6867702268549962
0.27959165911587336
0.6084735070437417
0.24320717732663266
0.95145015752896
0.05037405899120606
0.1295385943319709
0.8918239483892625
0.2543642999329421
0.41492389272747654
0.44604312000458046
0.15977785410497014
0.24459000901055727
0.17287695127171854
0.9684980080582821
0.06944702592717555
0.22595534424726682
0.20133945896578043
0.8796676013999498
0.07503715668958533
0.07711542408525651
0.6238407628391014
0.09586096029982394
0.2612588697913589
0.5390923555997507
0.12887705921723902
0.8135118189237169
0.2067636066180396
0.7307268168341308
0.39517644813302866
0.5339880237353327
0.7288055777037992
0.9793827046048023
0.9418182766509453
0.20244064449620924
0.9984043352779577
0.10246296264582666
0.1962084954472183
0.16768138570733937
0.2941400586566303
0.9582749149758498
0.5186508064096931
0.7260046997121701
0.3195447927124724
0.35440233340365035
0.2925533278040915
0.07214876941809001
0.38985830785501663
0.23005960087556354
0.9352600836464964
0.672855331982162
0.36910785656578504
0.581899277204361
0.24343339839233558
0.6775498643878299
0.2403202093870931
0.9513700159211593
0.35627611302814977
0.9779515614690253
0.4264435267242297
0.8445369039497739
0.12761580505035774
0.8553589381395545
0.48298038696444
0.8271901008038536
0.797136043334745
0.7479316895870336
0.9053482465606342
0.5675921794749124
0.7376483164971077
0.04014400892851988
0.8258911407825227
0.3270938480979375
0.25313343768370244
0.769020061298205
0.7865966830136106
0.1914342275210068
0.8971856947784427
0.8893448088187401
0.27131629603617724
0.8330333724102197
0.7615719716484972
0.9393182484822851
0.7631154565705918
0.01315927433738584
0.8295655407075608
0.05316975507434418
0.986500241593727
0.3084546981977496
0.03693196057148529
0.9926780863814277
0.6406750107844366
0.1106953612650785
0.15044086901238174
0.613865415720892
0.04164611475415425
0.5319950993269968
0.24916211339366434
0.046008697404012144
0.5102895774082925
0.017451939206221567
0.9153742823653332
0.01378588260262581
0.537653313605928
0.43989978077308955
0.37096176971750183
0.39086307970002676
0.992861960233131
0.7816581090573467
0.6388315797488089
0.16591657364128798
0.3306574519709973
0.28369029076354346
0.5744425604953625
0.20543833486549312
0.5004547963837389
0.6105224462399379
0.9167495361780151
0.023546517200376593
0.2681745436111951
0.4499640059117276
0.7664200631161053
0.32518108705398685
