round
6423
13811
5265
2114
3929
5831
13587
2083
584
7527
7056
9231
9249
4816
5285
3700
2391
4965
2652
12259
8483
1637
2262
5138
6009
9487
7212
7314
12244
1136
1272
10224
4832
5960
6960
2225
688
543
1268
7313
4509
7728
4973
2261
7036
2166
7706
10458
2387
10379
5725
7182
533
5054
3434
5820
12577
4566
5583
2729
6619
4377
7346
5432
5645
8077
4687
7660
12228
3448
7361
11163
9155
5823
5190
8977
7253
4293
4095
2703
6225
4688
3376
3460
1996
11051
501
9365
722
206
8413
9994
5281
163
3147
4994
1749
2507
1990
1734
5343
4963
3502
10552
7403
2126
1172
770
6250
10393
9289
4932
508
9091
10090
449
2591
1862
7135
9124
2664
7238
3864
7517
6328
2272
2004
4914
2881
1927
6436
187
4754
1542
2538
4386
4255
752
9584
4036
6492
6481
8862
3803
6860
7170
11081
215
2032
7064
1774
10090
2801
4812
1495
2321
2028
2587
2092
1575
1068
1757
3096
3788
10967
7736
378
6687
6059
183
10526
2119
1750
7350
4066
6407
3726
12543
7087
5942
6782
6551
7610
8571
10518
9114
10073
2293
8367
2023
1125
10501
5069
2341
9293
4693
9286
9034
3297
3192
3696
9014
555
5772
7563
1200
3499
5073
6179
3577
3703
601
1516
775
3033
2446
8162
6754
4901
7993
5018
11112
2136
3355
6806
8975
11548
173
5371
2485
8576
8666
1017
398
1491
226
7343
12071
3538
12183
1528
9479
5914
3011
5176
11150
5241
221
5562
6206
5868
2972
8710
6982
8748
8845
3683
2201
3024
2436
3647
7465
2932
2093
8780
6986
3010
11278
2092
6267
5112
7788
1626
4309
7351
9040
5398
164
4644
11076
6606
9219
1556
10808
8818
2794
13522
2026
1427
6447
5266
3991
1492
8117
7494
6856
7748
584
5353
1916
8123
1312
11320
7825
4679
7223
9669
8108
798
9470
2846
13886
12218
3793
8092
6887
1039
4540
368
1345
8504
1626
7060
2961
8516
3094
1119
13364
5941
1831
6921
2504
2265
8399
10067
6889
1146
7391
1285
7874
2579
5524
4291
5849
1240
1872
6048
4104
11570
6540
6238
2224
8313
2395
1680
3372
8984
12873
2463
7035
1637
10714
2474
5669
7216
1230
9729
8602
10857
10302
5561
3720
2520
12314
821
4585
179
3156
9379
169
429
8579
7000
6672
4090
6875
7446
6337
7604
1956
11903
5252
4751
4904
1113
6884
10364
11351
4653
4340
5601
8910
9123
6896
3486
1575
1441
4782
11111
4564
7393
6481
5947
1764
6811
6504
3049
5706
7984
1132
3766
2649
7362
4874
775
4059
9067
3089
11149
6510
2934
5532
7027
10145
4257
396
5594
8408
8703
2533
4116
5564
5217
1743
7696
4417
175
12493
4911
976
4999
5527
6106
3244
1952
9507
9193
9353
8847
736
1090
10421
8303
7555
3952
7301
8276
3391
4495
8166
2302
6662
1179
5012
5147
5569
5153
6667
12327
2276
2472
9740
8290
7494
3673
3872
12776
10483
5194
8860
6207
9374
7523
375
10202
10030
603
271
6440
4183
10316
1771
5341
6476
12561
1840
2593
7149
4228
7537
11791
4310
9243
2482
1197
6266
3478
9899
10694
2117
5561
9039
3332
3634
6977
1009
4724
7783
3791
4777
11419
8193
3480
7366
7084
764
8188
8944
5630
1836
6649
1370
6931
940
6112
11297
8884
1253
5116
9820
6579
2265
1302
12602
2804
6529
11276
10714
4375
3873
2639
2257
2016
5685
6139
469
8469
7847
7152
7440
2169
1618
4000
6720
3718
275
1335
3825
3326
1997
3951
10217
4098
881
6936
4467
12554
6428
2346
4962
3595
3932
4582
797
6068
1682
2620
8211
10807
6012
6838
5298
11489
4130
6723
4399
6898
4454
9693
12760
9096
1899
9011
3137
5570
2274
1804
11540
1383
1938
535
7780
8685
4509
1466
4477
922
6523
6642
235
11449
6681
8920
446
10056
2339
3391
7461
7137
7477
3415
1339
11539
5328
7298
674
7710
7328
8660
1504
9457
7305
10294
5208
10189
3276
5638
4114
6492
10663
7040
1559
6499
259
4071
2251
7749
1340
5433
7058
5976
876
5767
9160
3803
1347
6941
8196
10285
7966
1448
12123
3695
4898
4718
3084
6803
7944
2691
7263
5487
11977
2875
8335
2123
10006
6791
3998
4283
470
10580
5516
2767
3296
3423
4345
4216
1785
5404
3075
2959
7862
7350
5288
12513
6414
6352
3730
10186
553
6975
12376
5799
1555
8726
4755
7338
2803
6317
3664
559
1317
7054
6236
5722
7503
3320
2243
11998
354
1557
4671
555
3198
252
10947
8633
6949
10354
1464
10542
9885
3755
6840
3367
8234
8543
2293
180
6922
11048
7015
7547
4476
1908
5171
5665
3040
7547
6498
5135
6018
8705
6053
371
2465
7401
5880
838
6101
6672
4736
1856
2842
9349
7891
1037
2147
12451
4730
11341
3302
6603
5358
491
9053
4204
7112
3067
5501
2104
5336
7479
3773
2147
3373
1693
9146
9788
3358
3087
5922
9841
1499
5007
6370
1552
4641
5557
2224
13478
4413
5362
7794
10379
13902
6061
4365
2876
4876
1712
4259
8383
6452
3116
2054
1036
9457
3124
4141
5788
11996
9102
12843
10039
5680
11062
6455
13050
7864
5054
2380
263
9562
2992
1759
8495
3606
9530
8025
259
6452
6603
8249
3166
4530
11033
4193
7687
11137
5640
5034
3127
9457
3595
4297
5869
4654
4162
4727
3190
2383
4475
6091
5207
9691
6133
3842
1431
8342
3787
5337
5459
3418
1231
6196
4700
5094
701
8783
2292
2030
6100
4850
4497
4358
3666
2707
4298
6310
3153
156
1583
4597
6068
6641
2543
553
8658
2473
4446
5409
8604
5150
1645
2835
8875
2743
13348
170
1448
2806
10684
851
9053
5893
6263
7463
3212
7023
11351
7375
6587
4016
1984
1661
3031
9124
4350
2002
6337
9576
7677
985
6217
7049
11875
4568
1235
4496
10548
1541
3783
4901
10286
339
1024
6556
5703
4149
423
10617
6944
224
1371
5240
3946
8920
3730
210
3071
1174
2413
6615
441
8205
3600
583
4516
9850
8275
4024
9180
5515
1862
11750
8137
4432
6126
3108
