round
2974.40
5495.17
5849.40
3233.04
9677.95
12511.01
6320.82
2153.46
5862.14
2884.84
5150.55
8196.63
6414.20
5101.40
6052.95
4081.43
1583.07
4250.50
11573.68
3053.52
2043.09
12904.32
9228.65
2880.65
8043.75
7790.78
7186.57
8717.29
13894.23
753.28
4474.29
1555.74
7921.61
2493.21
6112.89
11234.30
5522.86
9375.35
4624.44
3866.56
4663.71
4697.31
2990.38
6776.91
9248.94
4183.67
483.06
5961.37
1193.25
6402.79
4620.37
2735.50
3986.15
6469.10
3160.42
7173.09
4479.07
5821.73
9915.47
2435.38
6016.05
5794.52
1548.63
2137.55
8372.51
10311.90
5561.72
3670.14
1475.52
1328.10
3782.96
10271.80
10188.69
12556.04
4651.18
2417.23
9135.25
4861.98
591.18
6250.75
9720.58
8014.21
2093.60
1288.38
3230.98
4052.58
6735.00
1368.53
11233.24
4256.61
5185.43
4218.39
6177.57
9058.71
5416.43
1948.27
4150.22
11635.07
8397.04
10260.71
3309.23
1444.89
1540.08
8831.10
7398.91
1327.29
1114.28
1468.95
7524.63
8056.35
4653.28
9471.00
1126.90
5576.99
8467.16
3105.10
1628.61
2052.22
6773.04
1385.42
6377.11
2020.51
5391.23
4959.82
4013.92
2704.57
6954.96
5386.47
4059.02
1616.70
6696.21
11239.21
7915.09
419.16
6257.31
5152.97
764.21
7390.46
1232.16
591.46
7060.34
10762.68
4351.37
7131.85
2062.56
2684.39
10996.14
2846.87
4265.77
1722.10
3452.06
2715.91
5573.59
12314.00
1821.63
3185.80
5894.54
8301.58
5966.88
2680.75
7138.42
6325.65
2549.88
5066.68
8299.80
8419.97
3597.27
4740.20
200.48
2657.95
7386.81
7092.43
2212.24
7625.89
8500.23
5436.10
8645.09
6890.21
6692.50
8928.49
6877.11
7372.14
2942.72
2012.97
422.99
4372.09
9297.35
9486.69
3222.43
8617.73
7462.70
1475.80
8177.49
1904.86
7815.57
7866.54
1526.46
9879.73
11097.29
4221.83
8449.53
10063.84
532.23
6706.48
2713.31
1403.36
9952.63
6733.06
692.82
9812.83
6386.09
6860.78
8338.69
7824.53
2569.72
2294.65
5002.56
7489.62
5685.43
4638.27
3261.28
3153.34
5246.10
5417.23
5959.46
5336.46
1263.87
2493.87
9373.95
795.80
8300.71
1378.54
4422.11
12123.50
1427.75
4594.00
3717.00
6055.75
11225.43
4152.86
6215.31
4933.41
9691.09
7132.84
8710.20
8413.82
4530.00
6510.03
6803.04
7367.60
7885.44
188.91
5405.77
9469.40
2496.92
3546.19
2608.27
8444.19
2935.19
8616.63
261.70
11901.42
2000.88
2381.47
4040.08
9304.59
2134.59
7782.30
8010.76
2046.33
6801.77
801.54
2047.86
3054.92
11833.91
4062.51
772.64
8026.20
9815.14
1355.61
3634.03
7093.61
1956.95
562.44
6459.94
9617.91
11511.47
1731.58
11000.85
1482.40
8994.99
10503.06
9485.69
9185.94
6041.95
2710.18
6517.37
3210.67
1328.15
5379.55
12484.29
4864.65
8186.52
6748.49
1248.24
8332.36
7319.78
2329.51
8806.31
11734.69
5225.60
2955.88
218.66
8912.12
4220.23
578.25
5559.27
3961.40
7149.66
756.33
8629.59
3946.89
10281.66
4619.36
11260.87
8364.85
11729.34
7290.66
1015.25
2724.04
11281.83
3850.16
3189.79
3065.45
9327.29
1491.46
3941.20
6567.94
209.77
12067.63
8616.54
6738.69
8601.10
5971.68
7389.65
5460.00
2187.39
5266.47
4186.35
1631.59
6998.72
7716.55
6607.49
4959.21
7635.89
9714.65
2466.39
2782.91
6271.65
2375.71
11956.13
6807.46
813.39
7875.76
4892.79
1287.08
2512.60
529.39
9204.38
1408.38
4992.52
4165.39
7512.18
3919.84
5505.30
8913.30
8348.62
8986.51
4619.01
308.30
2928.09
1015.25
8392.64
10118.15
5938.04
8667.71
6537.46
11057.90
2469.63
5246.69
5710.37
5575.70
518.25
4729.44
9444.67
7913.30
3486.72
4912.56
4768.76
437.59
8883.09
7890.16
7625.35
9524.21
4692.16
1818.87
7184.12
6962.31
9964.60
4222.00
8173.50
12002.83
3464.05
8399.68
4925.00
5498.52
1898.80
5565.91
1867.94
6964.57
12125.39
6589.99
5862.86
8681.26
2757.96
8487.66
6060.30
5647.09
1785.11
3059.78
690.25
5485.15
3841.17
2990.38
5115.97
5225.14
7531.63
11112.94
3909.19
1292.14
1075.98
2513.89
3108.44
2546.74
6583.41
1151.20
2147.98
1463.25
7667.45
5550.51
4426.53
4218.88
4830.70
6195.57
2383.47
8324.03
340.92
1323.61
2240.16
10026.63
258.25
5634.38
5865.76
4191.68
4420.48
3777.87
14566.93
1247.31
8018.10
3319.03
5472.72
559.39
7619.11
6508.10
7671.79
1336.28
3070.98
7973.68
1151.95
8414.28
10020.76
3833.68
235.51
2968.54
10467.82
7652.40
5395.29
6786.70
2186.14
4433.31
6469.74
8606.60
2176.74
13027.57
9000.69
8014.05
10121.93
1051.30
6318.94
8134.62
11380.02
855.21
10208.91
1036.43
2109.71
2539.57
5855.91
6764.45
5272.20
9060.57
211.78
3910.01
4654.21
7966.38
6541.25
13187.30
2987.25
6195.93
2462.30
8695.41
9390.34
12338.48
3664.36
8909.01
4002.66
957.59
13428.00
11248.91
9976.11
7940.49
6085.83
6932.79
7069.89
4456.91
1286.33
5056.77
1620.32
3539.28
1552.50
416.67
1212.26
6703.32
694.10
253.10
10479.26
4390.56
679.10
793.20
9251.97
7835.64
13649.37
2473.09
8992.11
3675.98
12332.33
7167.02
7240.60
718.95
4389.82
7101.60
5781.00
4264.08
10308.80
1405.36
8829.00
4142.49
5910.30
5856.09
7770.97
7596.02
10204.85
11146.74
3708.64
4238.63
3100.69
1545.55
9334.12
2418.16
1606.11
3472.86
5855.56
1142.93
4100.86
332.91
5828.49
8973.12
6871.13
1417.38
6494.30
14199.93
1727.96
280.28
10553.53
6667.21
8391.73
588.20
433.72
3024.49
9353.42
2724.96
5298.17
4916.20
11336.71
7409.52
684.27
7554.47
3258.78
4100.19
455.33
8114.97
3541.29
2262.58
2268.94
3850.21
6909.54
11567.94
3900.98
2541.81
699.34
1084.13
6883.77
8528.66
832.22
7705.68
8254.33
6184.15
12116.70
8334.64
3178.01
8454.73
10651.79
646.48
1691.12
3187.26
2730.82
10559.76
3957.45
4175.25
6126.20
3339.33
8650.35
6635.86
454.45
6335.45
8200.27
6635.15
7022.96
830.10
6405.33
2903.41
2227.26
10798.92
2661.34
4860.33
8201.94
7210.33
7499.18
4736.06
4436.85
674.38
11399.67
9973.67
8938.67
4393.37
6538.79
10747.22
1412.21
691.10
5870.64
6486.33
6931.79
11215.61
1037.34
2768.09
5664.11
2584.12
867.44
1664.50
3069.30
11813.88
717.27
6523.95
9954.75
4018.66
704.82
4658.36
5535.57
6243.86
790.65
7765.49
10121.88
1110.27
447.31
12101.76
5425.95
4952.61
5747.97
2617.42
8639.71
7813.43
7214.85
4937.37
1640.55
2839.34
624.58
6000.34
11660.27
2973.08
10075.59
6787.14
1378.46
2974.63
6136.27
10742.81
7580.10
2933.28
1087.91
5731.47
1480.46
12391.36
5469.08
5342.13
3463.92
901.47
3591.75
6716.80
6792.57
3050.36
12708.71
2599.71
1146.84
1544.47
7537.08
4973.24
7052.98
10583.26
135.29
7231.13
4084.11
6545.04
8581.73
7682.23
12855.84
7650.86
5735.79
13186.25
4023.27
8953.87
4773.56
4528.27
958.16
4331.75
8069.36
7495.76
8994.38
522.51
8216.78
4907.02
3425.32
12258.74
3868.08
3246.60
1094.10
656.63
1454.26
444.45
6560.93
5644.31
1952.89
902.60
5375.80
7923.19
3979.59
2856.00
7209.97
1585.67
12655.35
724.97
7963.40
10609.56
7386.21
4422.00
4696.40
2332.56
2904.24
5521.56
5606.23
3440.21
271.13
6921.70
5698.66
5115.25
2478.77
755.02
2286.90
9211.53
6326.56
5129.46
465.61
5330.37
3347.85
4846.68
1711.33
7146.06
8558.61
4475.27
9871.35
7042.14
7309.70
9864.52
1854.53
5157.19
7276.23
2509.54
5951.05
1844.29
11500.09
3536.94
13153.15
5716.51
772.18
10009.74
1496.02
6994.84
4747.78
9517.31
2207.89
457.33
10550.13
6305.71
8777.95
8187.41
9569.62
5915.35
6320.36
3408.56
6470.13
3782.91
6127.38
11392.62
12147.86
2784.78
5844.54
7717.76
8017.73
3604.57
5306.21
4487.30
1805.19
2024.77
2621.11
1007.29
5415.82
654.35
4358.25
2344.39
9891.02
3226.01
8682.90
1874.90
9071.77
3241.97
7940.52
1859.86
9921.96
6908.09
4830.15
7071.38
8373.75
1760.55
4726.46
4684.95
10811.03
7249.15
6788.34
1691.98
5030.17
8564.94
2666.57
2054.33
8241.48
11998.86
7709.17
5351.54
8387.27
2037.66
4939.48
453.01
7611.09
9424.50
2221.63
7585.17
6654.52
4720.55
8671.37
5283.46
3243.51
1897.01
4911.57
2226.32
2522.72
3835.29
3264.75
7771.13
12452.02
9959.00
1767.07
10971.03
4961.41
887.26
3981.93
3413.36
2298.21
5967.36
4863.24
6957.64
6549.14
5624.49
1602.30
7089.73
12918.15
2735.04
4819.77
3221.68
5660.61
8216.78
6391.71
1764.84
7465.80
4594.14
10115.36
5552.00
9944.95
7939.73
1952.31
2119.22
6095.52
3951.21
4438.46
2892.82
1523.58
4152.46
4936.23
11316.41
539.71
644.65
4184.33
5117.38
7219.52
8398.43
6754.22
1101.07
10078.09
4602.31
4740.68
9195.40
3133.10
6422.24
4564.57
7011.32
9475.71
5375.49
7582.75
4945.02
4448.03
4397.45
7561.00
966.13
9466.56
7951.99
5570.13
3963.93
2810.44
2418.38
1549.51
4084.22
10226.23
3753.48
6759.55
1906.57
4793.43
6593.97
2866.95
3531.46
7143.48
11885.94
7713.77
10329.87
10931.27
7973.82
1987.03
8091.99
3858.22
5897.11
8071.91
1426.67
4121.10
2598.72
4621.51
10910.74
