sqrt
226.22457868233505
168.9422386497823
98.21140463306692
210.02456999122745
191.3183733988976
157.0875552040963
120.92245449047087
229.26526121503886
60.60321773635456
124.28451230945873
121.87411538140492
272.1291053893354
149.0870886428466
219.90297860647544
111.58454194018094
90.64071932636016
288.58205072387995
195.74465509944326
115.99624993938382
273.91703123391216
157.46256698021915
57.97068224542471
203.27341193574728
199.93253862240633
200.52939934084478
270.390976180789
186.2317105113949
223.99142840742815
171.58015619528967
191.85619614701008
208.2786594925174
219.8834918769483
250.6276920054925
235.1609661487212
132.16898274557462
181.18658890767827
196.63194043694938
157.20305340546028
190.71507543977742
202.89115308460347
253.3169161347106
219.00776241950877
77.41963575217854
231.72052131824665
218.54130044456127
160.44999220941085
199.4336731848461
177.39599770006086
126.4545372851445
77.42118573103876
157.3641636459839
209.41974596489223
235.9388692013251
171.33277561517528
242.2863595004886
146.38456202755808
169.26275432002163
249.39510821184925
219.88087684016543
203.66737588529
146.91882112241439
241.9088464690781
245.88542047059235
49.904508814334605
250.02271896769702
201.69603367443793
213.5735938734
221.9563921134059
169.2630201786557
155.6651855746814
192.7815343854281
301.71634029332915
274.21600974414315
262.0364860091052
246.62005190170566
120.22645299600251
225.22089157091978
83.68345117166237
217.0836705051764
177.08989242754652
187.57155967789998
110.45148256134908
176.10053946538608
258.0308896237038
157.74409656148785
258.0606905361605
73.08625041688758
195.9897956527329
126.74975345143675
209.48985655634976
206.2978914094858
195.61454444902608
233.98923052140668
240.24050449497477
241.40967254855386
209.18257575620393
50.99548999666539
64.21931173720255
248.62622548717582
131.395700081852
198.26119136129492
213.19695119771296
210.46489018361234
303.3916610587707
158.0632784678339
75.77651351177356
234.80508938266223
133.37810914839062
82.47393527654661
161.53823076906593
198.9812051425963
243.07307543206014
278.8750257731947
273.257424418807
235.41263772363624
169.30342583657307
174.5829315826722
282.39971671373894
200.20489504505127
43.15970342808208
197.78950932746662
165.651079078888
159.98199898738608
222.03096630875612
251.88674042116628
177.06117586868106
238.30199327743776
213.95782294648635
264.1929408595165
59.20827644848311
171.30694673596864
137.01675080076888
199.6880066503745
252.28083557813108
125.7365897422067
215.34973879714832
212.26580035417857
245.96709129475025
242.95493409272427
186.0655529645399
112.52453065887455
187.4426578983557
225.86969694936946
60.826474499184975
193.43681138811198
91.28855349932981
233.0143343230197
154.78107119412243
168.55132749403072
182.55300600099687
262.4147861687676
254.7096778687453
297.90226585241004
206.33019652973726
211.41970106875092
107.99305533227589
63.1333509327677
216.01261537234348
214.87801190442914
184.84899242354555
209.56562218073842
217.06128166948614
111.62257836119
255.42830696694523
299.93182558708236
231.41935960502525
172.82823843342268
228.58818867124347
231.84844187529058
179.59203768541633
156.32383055695635
290.30721658270915
248.21659896147156
293.97833253489955
218.32711695984995
180.94045982035084
59.25757335564797
148.17223086665058
77.17609733589798
123.31569243206641
274.2735860413831
220.57243708133615
203.1173060081292
216.2276578053788
215.60797758895657
158.26405150886288
155.86965708565603
225.25984995111756
153.3467965103934
129.7487186834614
174.64867591825598
181.44098214019897
222.2566084506825
228.07419845304727
275.9160198321221
141.49261464825648
238.47951694013472
95.92205168781577
88.44659405539593
184.71139650817435
136.72070070036943
118.91845945857186
186.9630979632077
144.10777217069176
204.95680032631267
260.69760259733886
209.50298327231525
113.11021174058511
261.309299490087
227.27076362788065
207.81948898022054
263.5871772298493
42.13929282747873
274.5520351408818
180.08817284874652
207.2274113142371
277.9414326796205
122.89637911671768
130.09584928044399
168.52812821603402
218.09539197332896
153.31405675932
229.80130547932055
246.0769391877264
123.22743201089601
137.7100214218268
263.61039433224175
232.32481572143772
106.4869006028441
143.11184437355283
119.15737492912471
200.72082602460563
272.9902562363719
258.54858344226136
77.23004596657961
154.65545577185438
98.4738543980076
162.72151056329338
197.5780858293753
72.18268490434531
126.6175343307553
132.69702332757882
193.75701277631217
203.2161410912037
215.29572685030234
82.71728960743334
226.4953641909697
167.27342885228364
214.31789472650203
157.02483879947147
222.75042087502325
226.92456896510788
198.18907638918952
120.13529872606136
299.8427754674106
105.16006846707546
240.9323971573769
156.98534963492614
77.71023098665967
256.5433881432145
210.76489271223517
124.06030791514262
64.97868881410274
177.61064157307692
159.81630079563223
107.21632338408178
213.92089659497972
164.57703363470858
162.13494379682624
177.53129301618912
56.8181309090681
212.8377316173051
281.6391308039421
232.04762442222932
295.06556898425134
199.37025856431043
247.86211892905297
137.80130623473784
155.8537776250547
36.46025233044884
130.2186622569899
263.0874379365157
96.98432863097005
161.31534334960205
174.48484174850262
178.92512400442817
231.86875598061934
297.9542414532809
206.2068864029521
141.12001984126846
96.45698523176017
167.89684332946823
153.36779322921745
157.81489156603695
199.0848060500851
122.22512016766439
138.28376622004478
147.81146775538087
185.49245267665205
89.13091495098656
134.18028916349823
156.12975373067107
150.39577786626856
214.71227258822444
238.49842766777311
73.46482151342913
173.23163683346064
264.4194395274296
145.01310285625917
78.49426730660016
143.2655227191804
96.01593617728257
51.035281913593856
241.2393002808622
269.2168642563092
62.84854811369949
169.04922360070157
226.00575213918782
176.86316744873704
244.95362826461664
218.02054949017995
35.14583901402839
194.65289620244545
240.67966262233293
32.404166398782735
180.18540451435015
169.25690532442096
145.29363372150894
227.08159326550447
250.78855635774133
191.90794668277812
206.3146625909075
233.19909948368155
154.17036031611264
260.83605962366477
101.3429819967816
90.81172831743706
277.4710795740702
145.32928128907815
173.45737228495074
210.94046553470957
100.09945054794257
227.08196757999082
225.3885533916929
143.02227099301703
134.93739289018444
268.08207698389685
226.20377980926844
205.53637147716702
109.10637011650603
267.7134662283539
183.56641849750187
204.4007827773661
117.83093821233878
141.82104921343657
252.64021849262244
238.48207479808624
118.62255266179362
222.31171808971294
139.57234683131182
221.10223879463544
221.85382575019977
292.151364877866
159.14521670474423
285.4575274887667
54.15736330361736
186.06442432662942
173.93700008911273
273.63234457936437
218.47196616499792
205.50853996853758
214.9726494231301
206.24051493341457
101.31811289201946
115.28122136757574
193.0894093418901
204.588171701103
147.75797778800305
137.82216802822396
279.71735734487413
275.99836956040156
199.09093399750776
127.9414709935758
108.6811851241971
229.14608877307944
181.48363562591533
289.19979253104594
164.50617009705138
76.65702837966
34.28177358305722
144.15758738269727
264.8510713589809
80.85047928120154
191.49015640497035
268.0556285549699
276.4338618910498
187.7295394976507
169.33118436956613
177.04106868181745
300.57481597765303
208.64189416318095
218.7225182737251
225.0113330479156
297.7205065157588
156.76495144004608
259.7877210339242
101.21442584928297
184.55148333188762
256.97494041248456
156.28589187767398
173.74671219910897
213.30049226384827
214.83644942141453
129.3717511669375
193.29058435423076
120.85545084935144
166.3241413625815
117.0421291672362
155.56606313717654
147.65351333442763
226.29387972280645
213.95223766065172
162.9950919506474
238.9975941301502
259.59206459366203
223.1013222730874
204.77411945849016
206.7921661959176
226.77548368375273
172.36304708376446
218.41522382837695
187.16965566031263
177.1009881395358
163.19374988031865
67.78119208157968
248.06956685575116
257.1392618796282
158.77679301459645
255.99789061630958
247.12415907798248
103.06619232318617
222.92893486490263
234.62825916756063
303.05865768857353
284.6530871077986
271.9919851760342
34.630189141845584
229.93512128424402
201.41777478663596
255.60054773024254
215.3269606900167
131.11464449099498
107.68249625635542
157.22442558330434
90.95097580565037
168.31443788338538
143.48616658061502
60.77515939921507
149.95756066300893
292.0510400597813
219.24803305845185
215.36573543625735
250.61133254503875
160.64775130701332
278.8440424323245
164.78167373831351
181.15297403023777
161.0760689860539
97.10643644990789
232.2543433393658
133.4293071255337
143.1311286897438
260.4845484860858
129.5609894991544
212.92158180889038
125.08637016078131
235.8580081320115
51.65849397727347
207.4924576942497
185.35549627674925
59.40126261284351
58.79209130486855
273.1179049421696
168.67305653245273
137.50672710816733
165.38364489876258
287.9944964751931
49.62136636570985
226.3105830490479
214.30086327404283
151.61932594494672
259.95095691303004
174.45426334715927
174.6752128952474
162.83906165290932
237.27056286020817
147.31680148577757
152.38845100597356
94.01542426644683
231.00545448105765
135.90408382384982
254.53227693163004
255.49293532307308
230.9064096122063
178.17564367780463
145.61452537435954
35.316002038735924
47.09883225728638
263.94980583436694
191.83633649546167
182.28055299455286
210.20190294095818
213.21308590234324
109.87629407656594
226.60308912280962
247.5148076378462
220.44602513994212
112.5909410210253
269.2935201596949
188.12846674546626
139.36477316739695
149.6514617369306
193.36568982112624
207.5926299269798
100.48666578208275
123.81643671177103
217.6989664651626
223.79678281869917
168.77914563120646
153.38308250912158
158.11641281030884
156.3649577111189
105.26442893969454
98.26464267476884
182.4878078119193
264.57429958331176
112.58618920631429
77.73261863593687
156.53581059936414
262.88866464722287
257.49998058252356
166.13825567881707
112.46439436550574
261.6446062887596
196.91460077911947
237.25050052634242
194.96558670698786
223.4470854587278
99.96109243100537
266.63874437148104
258.24523228900085
235.88548068925311
197.51961927869343
219.42367693574
205.3831784737981
102.50151218396731
158.44860365430804
230.2124236439033
143.7802489912992
256.05788408092417
148.53551763803833
169.04993345162842
146.73506738336272
263.61502233370544
158.42992141637893
166.89233056075406
205.38417660569667
174.60773178757006
207.68769823944797
157.6423166538731
112.38994616957515
174.5193399024876
304.15624274375824
182.34618175327938
109.27854318209042
87.3159779192789
34.324044050781666
213.90219727716683
251.62388598859212
248.26574471722836
276.8002167629209
167.20311001892279
183.05138622802068
203.04600463934275
203.40907059420925
190.51771571168914
233.4005141382512
172.08323567390286
138.9097548770424
200.03687160121257
237.5304191045854
281.25299998400016
189.0299447177616
267.9332006303064
176.90141322216735
115.35232984209725
194.89012288979654
132.0303374228817
202.2900887339763
259.5442158862339
282.6740879528932
55.859645541302896
214.21764633194903
206.50302661220246
270.65969408096214
147.31666572387525
77.49645153166692
236.86886667521335
173.19445718613514
190.20089379390413
282.13241571999487
200.65731982661384
204.57096568183863
210.14235651100898
199.7616079230441
153.97561495249823
229.89736840599113
281.9846804349485
188.10994125776554
186.51469111037878
76.9728523571785
202.15526211306002
217.17730083965958
182.21822082327552
231.80133735593503
180.34816328424307
39.18622206847708
244.33213051090928
188.520821131248
189.7568180593256
149.22147968707455
167.1755963052024
40.726526981808796
181.25636540546654
127.99023400244255
196.20109581753107
230.80127815937243
48.9532429977831
186.04569331215382
159.58571364630356
291.2709048291642
190.3422181230428
251.25156715929157
176.91582744344836
192.0777186453442
78.28754690242887
243.46365231795895
156.0624874849815
172.82994532198407
275.7215261817619
263.51005673408366
222.26261494007488
166.49492484757607
68.88432332541272
227.52415256407394
281.220376217656
226.65745079304142
274.11537716808226
251.7290209729502
171.0263137648707
206.50544787002593
246.13222056447628
290.6890090801508
219.53427978336322
210.458784563629
184.00663031532315
181.32057246766016
249.02999819298878
109.60679723447812
182.74326252970312
289.9793096067373
160.1749044014074
190.94030480754972
153.5716770762109
212.32305574289384
163.54571226418625
58.76716770442489
270.4302497872603
106.44604266951403
112.1347849688044
236.03366285341588
117.3614076261869
208.01742715455356
122.56712446655506
251.07130461285297
128.80392074777848
40.93397122195695
145.01444755609697
224.22858872142064
248.75393464224842
76.91683820854833
52.770067273028936
284.84206150075516
113.23753794568302
225.59547867809763
207.14704921866496
232.0468487180983
163.84065429556853
100.45207812683618
238.23400261087838
161.15110921119967
88.81216132940354
71.30203363158725
208.18299642381942
191.35864234468218
99.47039760652413
275.38431327873417
187.43927016503238
292.5539437437137
176.299971639249
158.0486633920072
309.97672493269556
218.7666565087102
172.8633853654382
249.97155838214874
238.98600377427962
176.21407435275992
172.8117472858833
201.4231863515221
189.0325368818818
222.8604944802914
67.91376885433468
174.08747801033823
180
302.06456263520886
145.84666605719858
259.20052083281007
163.8554240786676
231.35911479775334
191.43761385892793
279.5799885542597
218.84451101181403
109.00458705944443
267.57101861001314
157.5287592790599
261.6427144026755
243.65615116388915
44.022267092915605
186.09414284173482
253.52329281547287
61.82006146874977
65.27671866753107
218.79515533941787
110.51484063237842
217.1933700645579
254.43144459755754
226.02809559875516
188.89880888983922
259.26337959688794
125.49960159299312
149.92965016967125
184.01260826367306
210.91040751940147
92.78189478556686
90.95768246827751
212.31033889097347
100.17310018163559
233.01072936669675
251.48966181535178
150.07837952216835
130.6155427198463
98.10581022549073
253.84087535304477
208.28271651771783
214.49997668997543
68.81518727722828
247.84930905693483
258.430648337228
100.53894767700724
209.7534266704599
211.86986571950246
209.9361331452973
231.4651161622416
162.03083039964957
210.86621350989353
239.98033252748024
234.6701088762691
37.247147541791705
226.13456171050015
209.14647976956246
87.10660135718763
259.9170252215118
231.2876996297036
215.8805225118746
205.3972735943688
141.79901269049796
202.59486666744544
181.53049330622113
134.2192609128809
157.39542560061903
276.6505919024935
140.2442512190785
149.12192997678108
261.10938320941284
223.62736862915503
47.267324866127126
227.87152081820142
184.99081058258002
250.6303054301295
244.68036292273231
163.907656929138
254.98854876248856
232.06210375673146
128.5289072543605
83.42253892084561
223.42609516347906
240.3722113722799
159.3984316108537
204.83578788873783
157.02267352201082
81.01160410706605
171.48037788621764
232.1818037659282
247.08864805976012
96.46346458633964
155.70330760777048
172.73262575437218
237.45323750161842
128.9233105376991
306.98778477327073
225.23798525115606
110.16306095965199
230.3344958967284
270.91633394832434
176.7708120703189
191.53845566882907
297.2509377613467
98.55962662266938
177.21749349316505
142.7461032743101
264.5756980525611
218.91523473710092
68.50138684727484
89.26505475268584
284.4540033116075
226.39293275188606
225.73216430096974
210.21446191925045
214.43845270846364
75.80079155259529
93.2881557326545
134.23181441074243
225.81651843919656
62.411297054299396
185.0813064574594
240.10789241505577
255.25512727465437
54.81952207015307
261.38316701731196
212.1745743485774
163.42888361608544
277.9505711453028
69.5471063380785
158.78113867837075
118.31212955567996
163.64168173176418
55.75024663622575
260.4372285215768
212.7840454545406
104.64941471408237
130.21589764694633
221.5614587422641
39.197704014393494
198.47896613999177
284.34477311883194
197.78068662030677
181.8674517333984
269.4429809811345
202.61078451059805
187.16457998243152
229.17643857953635
280.4275307454673
197.39331295664502
222.7468293825975
75.7495874576225
231.5699462365529
164.7953276036672
224.88094628047082
233.50460380900415
190.54684463406892
240.60305484344957
142.30252984399118
105.4103410486846
252.9765206496445
226.21299697409077
113.61513983620317
185.3756186773223
217.54172013662117
160.2949157022767
273.3854970549828
179.76473514012696
254.21872472341607
208.00249998497614
231.54697147663148
228.4991028428777
241.6211911236264
170.0383486158343
165.98201709823869
176.49702547068605
142.60224402161418
188.5928948820713
266.2873447988094
205.04694584411638
137.87349273881472
158.51813776347487
287.67865753301896
212.17615323122436
280.42845789969317
166.99239503642073
296.5510074169366
154.27491695022883
142.45199191306523
160.40773048703107
172.65514762091513
222.9405077593572
316.9345358271957
174.46317663048555
132.97935930060726
100.05118689950659
76.87652437513027
214.00521021694777
98.18401091827529
228.25788047732328
181.03767563686847
109.28174595969814
253.34042314640593
244.41849357198814
104.93802933160123
75.81675276612683
219.7896721868432
239.93436602537787
183.59466223177623
123.81013690324392
214.05338119263615
167.80065554103177
148.36812326102935
277.1766223908503
157.90769455602853
208.4334426141832
164.07370295083854
61.96611977524493
191.0093976745647
165.13630733427462
233.62893656394536
286.13143832861147
207.4924576942497
67.71115122341371
66.2148019705564
245.6416088532234
191.98385348773476
177.6736333843601
216.54463743071543
229.80567878100837
177.59442558819237
237.40050547545175
252.9040924935775
167.04714903284042
87.68010036490607
221.61466557969487
288.9071650201843
37.94034791616967
69.35560539711264
137.18272485994729
190.909035930728
211.60784484512854
139.02100560706646
250.47616653086976
157.53786846342692
169.88708014443006
240.53783486179466
97.93962425903011
224.82490965193335
212.98450647875774
260.4645081388249
253.02197533020725
200.05689190827692
241.10122355558465
148.44382775986344
176.35781808584503
88.6419765122597
215.4510153143865
263.8849180987803
159.62787977042106
251.12928941085306
101.62509532590855
284.7357020115321
163.2562403095208
294.4593690137911
231.5041900268762
226.54800815721157
192.4418093866299
70.9456129721916
68.55763998271819
129.72085414458232
249.4368256693466
43.610549182508585
249.61081707329913
129.91073858615383
142.29827827489692
249.04975406532728
