sqrt
258.8885088218479
274.7572565010795
60.692009358728600
190.9533450872228
234.1060657052696
283.4071276450188
183.8449346596201
167.9255192041996
258.5625649625251
139.0140280691125
186.9932619106902
51.850940203626009
136.5239905657610
85.901571580501366
62.386857590361129
189.6755123889217
166.3472572662381
128.7490582489829
180.5028808634366
221.1704094131943
216.3684126669140
180.4158529619834
292.1305358910636
122.4065357732176
265.0974160568149
277.3681308297693
284.6655932844712
49.683800176717562
251.0472465493298
127.4872150452742
248.1253312340358
221.0699889175372
226.5437043927727
162.9681257178839
267.1086857442116
97.786195344741785
189.2030655142775
163.4120558588013
224.5016703724050
186.8284774867044
247.9302321218613
94.184287436918054
281.4358186158969
145.4638786778353
90.294241233868287
242.6914089950446
245.1304754615386
57.837271719886650
229.5323506610778
79.488363928313432
289.6411572964036
296.1689045122732
192.0874019814938
175.9857948812915
196.9944669273734
167.4647724149769
267.0468123756582
39.427021191056268
233.9864098617695
114.7571348544394
150.8198262828863
94.821516545560481
223.5803435009437
38.437611788455328
292.6090224172864
249.4144141784913
86.229461322682516
179.6169257057920
156.9914328872757
220.0118178644047
254.4240161619968
281.8849765418512
117.3829629886723
124.8690514098670
220.1934376860491
145.6072800377783
245.6982905923442
215.3761360968294
272.4929356882486
288.4548144857354
179.3347707501253
293.9805095580318
288.0746431048731
219.2349196638163
265.0126034738725
119.6059781114640
258.3393117587798
184.2491791026489
238.7566543575278
241.5201854918135
199.1456753233672
320.3880459692590
200.1300577124786
264.2262288267385
194.5764631192581
296.6299040892540
242.7103829670251
187.4417242771737
173.1744784891815
247.6590398107850
204.1280235538472
181.0566209780797
94.546284961388092
145.7872422401906
148.8712531014635
273.9363794752351
288.3694852095138
159.0569709255146
219.7440784185094
158.7065216051313
100.2664450352160
179.3749146341260
296.0966734024548
127.4384557345231
221.6132893127125
180.0974736080437
220.1534010638945
195.0735246003414
90.295625586182191
246.2525532862553
164.9168275222392
222.5906556888676
285.8041287315493
147.3145274574100
122.6993072515081
249.9862596224040
229.7535636285105
234.1742940632041
118.5052741442338
237.1063052725507
172.0267421071503
72.728261356916817
69.188438340520449
291.3752220076374
282.2383567129032
60.661519928204898
207.9255876509671
132.8088852449263
185.0979470442609
200.0753608018739
305.6019142610203
92.454907928135432
309.8281781891376
110.7304836077220
210.6998338869777
196.1084648861441
230.8292225867427
144.0370091330697
116.4585763265205
248.8662291272161
218.3214144329410
237.9136397939387
162.4265372406861
76.542341223665219
132.9107971535797
180.5090025455794
199.4506204552896
137.2157060980994
204.3455406902730
193.2936625965787
236.9286812523971
282.8750077330976
202.2172099500930
124.6065808856017
40.367561234238563
222.8910944833822
245.6460868811062
118.0868324581534
273.7953615385038
189.8973406870144
202.8879000827797
155.0698552266042
66.891255033823367
213.9308299427644
142.3763323028094
127.3545052206635
92.804310244729474
168.7727762407196
180.8018252120260
198.4230329372072
274.0678748047644
168.2205694913675
223.4399248120174
87.028960697000168
175.7685978780055
96.119977111940679
120.0166655094200
269.8844197059178
177.6682301369606
305.5282311014810
142.2480228333596
200.3263836842267
84.288433370184310
239.6577977033086
111.5903221610190
183.5666636402155
41.529868769356833
133.8769584357219
118.2059220174692
187.3072342436351
127.4990196040738
191.5529691756304
280.5740900368386
181.4396593912147
165.5754208812407
195.5917176160586
292.8045423144935
247.9910079014963
225.4217380822000
237.0923870561853
237.9106975316579
223.7114212551518
281.4684707032033
118.6648220830419
194.2443821581463
241.0731631683626
205.9503823740077
236.2049957134692
262.0119462925307
217.8570173301746
170.9690030385625
274.6827260677307
261.5678879373384
87.236402951978711
232.6044281607726
118.0196593792746
148.4237177812226
229.6562431113076
206.0974526771255
259.8707178579380
142.1856532847108
191.7954379019480
200.2526404320303
165.3787168894474
233.0072960231074
31.448370387032775
80.862352179490797
293.3968302487264
265.8367920360160
215.6048468842943
296.6170089526223
182.0885773463014
156.1960306793998
151.5050494208031
74.696987891078982
200.8918116798193
289.9672395288820
161.6183776678878
306.0094116199696
261.6035550217160
224.1410716490844
122.3833730536955
207.3668488452289
288.6804461684234
226.2437623449539
207.3031114093563
117.6654154796557
215.6083950128102
278.9695323866031
252.6242862434251
96.824738574395335
162.7040257645766
254.8053767093622
198.2092833345603
139.4510666864904
273.9055676688592
51.326990950181368
193.9858242243489
210.5986229774544
111.4567629172856
133.6501402917333
285.9953845781431
224.9297890453819
199.2614363091865
243.1163301796076
208.4946042467286
138.9756813259068
175.3717480097635
130.8146780755126
266.5675149000718
217.1290169461466
213.0870244759169
273.4488069090812
277.3589731737555
144.7414246164518
240.8752789308193
216.9066619539382
129.9090066161696
91.271682355481977
97.780672936935753
247.8079094782893
156.5370243744272
54.800182481447997
156.2316229193053
227.7984635593489
257.8421028459084
219.7474914532587
139.0088486392143
171.8534259187171
233.9623901399539
190.5186867475209
136.9364451123221
191.0231137846936
155.2350475891318
200.0653643187646
237.3304868743163
217.9543530191586
173.1251281587973
300.7386074317696
280.9328033533998
253.2496001971178
242.6126542454041
171.7938299241274
123.7710790128292
194.4547762334471
150.2038614683391
189.7478326621941
103.2188936193370
60.178733785283319
239.6791605459265
271.0650290981852
127.6275832255708
186.5913181260050
172.5168687404220
271.9526797073344
206.0580015432548
240.5452140450938
263.6498056134311
227.3978891722612
215.0715927313507
174.7297913923095
144.6428705467366
156.1588934387024
239.3646590455659
189.4725837687342
234.4214154039686
162.9610996526472
159.3917814694346
253.1781191177468
139.0000000000000
294.0106120533747
276.0300708256258
141.7095621332590
61.481216643784791
141.1832497146882
87.767590829417210
174.2564776414352
189.3179864672134
223.7328987878180
180.6630842203243
137.9452790058435
191.9165443623869
252.2072560415342
33.854246410162492
139.5680479192856
184.9118709007077
226.1341858277956
197.3854097951518
65.607621508480248
225.8615283752415
230.6772420504459
160.5171018926021
194.8262302668714
261.9113399606821
182.5369277707938
239.2531295511095
214.8173642888302
116.8913170427984
206.5828405265065
79.221019937892746
168.7808638442167
242.4845149695131
93.941684038556601
286.4599797528444
220.7384425060574
275.6459141725123
165.8747720420438
251.0759247717710
175.2739569930456
197.1238189565127
175.0087426387608
252.1967882428323
181.1921907809495
169.8804285372509
293.9774991389647
235.5840614303098
272.5702111383414
210.3605238632002
279.1297547736536
162.9306600980920
242.2339777983262
170.9017261469292
146.5021501548697
185.1436199278819
244.5245181980735
133.5242300108860
264.3792541028891
105.7445034032502
165.8759777665229
129.0592887009687
238.9916316526585
54.378856185101944
104.6081258793981
231.5244047611396
137.7632752223901
232.8215196239385
258.1961463693833
199.5480894421192
227.8552830197272
137.6017441749922
166.8410021547461
159.2206016820688
198.2626540728233
183.7239777492312
242.8506742836017
198.1971745510011
164.8283956119212
179.1976562346729
172.9317784561299
248.8027331039593
237.7310244793472
183.5601263891480
201.5312382733754
243.4989938377570
291.0408390587135
149.8991661084210
247.4326575050270
238.1637461915646
276.8467084868448
286.0251737172796
198.7060643261800
194.1076505447428
117.6660528784747
203.6635706256767
254.6055773151877
271.0050184037189
108.1314015446022
107.7593151425899
144.2011095657728
110.3896734300813
75.574995865034621
246.4612342742769
174.9235261478570
214.6245093180180
280.4817106336882
281.8032647078454
216.2243279559449
264.8363456929581
169.5092327868898
244.2798190600280
269.6939932590268
185.3096327771441
176.8613015896920
126.9209202613974
271.1902653120130
137.2256900146616
188.6380661478483
165.8564138042301
145.1719669908760
56.879697608197602
251.6716114304512
155.5247568716955
244.9457082702206
72.999726026883142
310.7774927500381
256.8652565062079
267.2853344274616
168.2778951615452
102.9292961211724
207.4339895002745
261.6740338665646
179.5834068058628
201.0257694923713
123.9738278831464
237.6913965628542
239.8266040288275
265.4656286602844
239.6623458117691
202.0148509392317
127.0562080340823
68.420830161581641
242.5952596404142
140.3189224588045
247.2282346335062
254.2194721102221
157.7603245432767
246.4052556257679
108.8860872655455
272.9548680643011
182.4752585968849
219.8377128701989
138.7644046576787
34.265288558539822
118.5512547381933
292.1051180653978
41.948897482532244
258.6883259832187
222.3388629997014
113.0175207655875
187.3606682310885
84.422449620939098
39.301017798525269
304.3665553243326
208.9282412695804
95.841222863650900
156.1571324019495
74.501677833455536
279.9977857055302
157.5613213958299
106.0626230111249
54.304972148045523
207.6872648960451
211.2128547224340
189.9942367546974
257.7686947633479
194.4213979992943
84.800000000000000
176.2786430626240
220.5572034643167
273.1120649110910
285.6874866003060
128.5519350301659
79.313554957522866
234.2723201746207
149.1224329200674
198.7983903355357
176.0443126033897
258.7048318064431
87.047975278004025
236.9553966467107
267.9320809458994
239.5297267564091
218.7919559764481
263.7168936568152
48.766586921784879
123.0227621214871
304.1331945053022
217.0700578154435
290.9752051292343
153.6195300083944
218.9293036575963
157.5182846529253
191.5795396173610
138.6651362095029
197.7988877622925
187.5022933193085
189.2664788069985
260.3753444548850
247.4675736333955
205.1873777794336
187.2707932380274
195.5073911646309
43.450546601855310
136.5781827379468
104.9879993142073
77.143373014148143
121.9233365685175
210.0438763687244
128.5180921115778
220.4994331058472
43.265344098943672
242.2101566821672
226.5228465298810
244.9428096515593
138.6605928156951
198.1158751841962
176.7195518328405
195.9694363925150
252.0416235465880
231.6569878074046
255.8210311917298
248.8499949768937
185.9954838161400
281.6552325095346
180.1456355285911
188.4841107361573
180.0438002265004
128.8119171505494
218.3478646563781
192.4652176368499
221.2076852191171
234.5094880809730
53.262932701833083
272.5016513711431
207.1364284716718
271.5318029255505
166.5256736962802
249.5512772958696
220.7405717125875
145.3837680072985
247.2316727282328
310.0581235833049
136.3049522211134
101.4637866433143
32.909876936871095
228.0774649104992
213.1518472826356
210.6565688508194
229.4080207839299
145.4009972455485
102.1660413248943
243.5215390884346
233.1648558423846
299.9318255870824
149.7398076664986
285.9186772493186
124.7257792118374
87.129903018424163
239.3348282218867
217.7863632094535
158.3937183097865
227.4110815241861
188.6788276410472
151.4123508832750
170.0876244763269
133.2583956079316
178.4266235739499
204.5410472252452
98.232021255800290
180.7494121705517
170.3220772536549
181.5699865065810
202.7467385680963
211.7500649350550
204.0666557769789
115.2722429728857
176.0725702657856
132.8830688989384
125.9638043248933
96.800309916859254
246.7024118244489
123.5944982594290
163.2602217320557
215.8893003370014
202.5870183402678
260.2852281632594
256.2413315606988
208.8789122913081
118.7049282885930
235.9471127180835
62.656683601990937
233.4790354614307
189.8182288401196
259.7647782129055
184.7002977799440
201.8410265530772
154.9947095871340
79.755877526361654
148.7114655969741
247.6941662615412
245.7547558034229
277.3004688059506
216.6464862396803
70.007856701944533
179.4399063753657
134.9256832482237
203.7578219357480
219.0251127154144
147.0163256240612
80.945290165642127
190.7047718333236
133.7520093307013
283.3363725327195
219.0245420038586
218.2039183882819
224.2432161738678
154.6995798313622
168.1921520166741
180.6649938421940
107.8706632963754
217.0598995669168
214.6616873128505
101.5232978187766
54.634238349225662
147.9367770366787
117.8382365787947
218.2928308488394
186.4544180222072
170.4497579933747
170.4090666601986
155.2810999445844
166.4940839789811
209.9220093272737
108.5935080932557
139.2891596643472
92.958915656326370
195.4207000294493
106.7486768067876
57.315966361913501
121.2009900949658
234.8940186552225
130.3863873262849
287.0671350050368
258.8089642960614
261.6624925357091
149.2058980067477
173.8050632173873
116.2608274527581
124.9873593608570
238.5273569215909
224.2971243685482
230.8104850304682
167.6695261518920
224.4950333526334
287.0641740099241
201.0027611750645
190.8110059718778
176.3003119679599
162.5331658462358
57.195454364835673
252.5494011079812
297.3566040968319
213.0806889420062
229.6033100806694
118.0094911437211
263.5668795581114
88.091770330718181
185.8440475237235
118.3974661891039
174.2830456470164
242.2841307225878
267.2862136362442
178.3923204625132
178.5221554877713
173.2568036182129
185.6168095836150
217.3848200772078
285.3646789636026
168.3048127654108
153.7669340267926
208.3060248768624
166.5428473396561
251.3398496060662
293.2176495369950
179.0462230821974
246.4075891688403
76.685070254906854
46.260998692202917
97.478305278661877
155.9891342369718
238.2938102427337
40.031487606632857
146.7746572130216
250.9105019723168
225.0115330377534
62.992062992094488
107.6096649934382
52.940532675824107
110.9586409433713
107.4811611399877
206.1941803252458
304.8704642959039
271.3852796302703
144.5683229480096
178.7545803608959
110.4787309847466
94.666889671098839
291.9460224082527
101.5185697298775
182.3028249918251
306.1609870639955
180.5414356872128
147.5262010627265
115.6194620295390
175.1588992886174
299.7108106158335
127.9427997192495
167.3870962768636
142.7950979550769
239.6209506700113
312.6427673879567
221.1594899614303
279.7115478488509
262.7773962881891
191.6868279251342
217.4658593894683
117.6877223842827
257.0288699737833
126.3159530700695
170.7988290357987
198.5941086739483
270.3880544698674
104.9571341072154
191.3380516259116
104.7542839219476
251.9222102157728
284.7437444440176
175.5016809036312
104.4502273812748
147.6411527996175
188.7447482713095
285.8822484870301
163.5899752429836
34.134879522271644
224.6893855970949
112.4357594362221
174.0888279011608
214.9099811549012
197.4887085379820
211.1629228818355
205.6160256400264
100.2116759664262
164.0265832113807
148.1964911865325
192.6478133797526
167.4117976726849
224.4160422073253
159.8211813246292
282.2685954901820
52.732153379129133
130.5196536924612
233.6572703769348
192.5016883042847
281.6423263644866
196.3824839439607
144.1179378148328
168.9554083182897
270.7408724223219
255.5375706231864
230.1642891501633
202.4959999604930
148.0429667360122
214.2965235368974
134.7704715432873
52.848841046895248
163.9038132564340
223.3597546560257
280.0440143977371
122.6233256766428
269.9826290708349
181.3349111450964
202.8541347865505
270.8882426389156
252.5313841881836
233.1818389154696
229.0168989397944
41.288981581046535
119.5556774059685
90.929643131379329
210.8852768687278
225.8229173489706
194.2632749646726
215.3745574574676
154.7106331187356
266.0639020987251
126.6829112390460
219.3958067055977
155.8377361231868
278.6338098652064
306.0518093395300
187.2298587298511
138.9690972842524
248.0471729328919
179.0632290561074
228.1782198195086
177.2106373782342
77.144021155239244
247.9080474692179
272.0878718355524
113.1194059390342
135.6308593204364
249.6178479195749
96.587266241466841
259.2479122384595
189.2553830145922
59.509495040707580
75.244135984141648
54.266748566686764
201.2159287929263
233.7041719781656
167.9383517842187
188.5895543236687
176.7757901976399
249.0789433091445
261.7241295715777
40.269343178154769
260.6332288868785
179.1445505729940
237.4331906031674
177.8110232803355
252.9888337456814
202.3486100767683
182.0214822486621
219.4785866548261
89.729983840408664
211.0592333919556
254.0125193765063
196.8424496901011
219.3064522534620
117.3280017728078
120.0246641320025
178.0741418623153
145.7825435365977
183.5313597181691
250.4611347095593
202.8782393456726
210.8979374010092
88.838167473220653
265.0695946350694
254.4365146750757
273.8479687709953
241.3052009385624
278.5759501464547
244.8022058724145
212.9838022010125
280.9664392770069
232.3858859741701
213.6682475240530
277.6384699568848
181.7049256349425
236.3345086947736
274.0233566687336
236.4841643746997
257.2894867653943
198.1628875445652
229.8938233185050
111.4897753159455
86.135242496901348
37.031878159229245
286.8540569697420
234.2603039356007
236.8243230751436
256.9806996643911
270.1590642565968
267.5641231555531
159.1385245627218
227.8740880398647
221.4592513308035
214.4919578911993
305.2770872502553
263.4649122748606
207.9573994836442
229.3913686257615
223.6552704498600
148.6139966490371
192.1864199156642
201.5937002983972
202.7229143436923
182.6465165285120
265.9971052474068
254.0342890241394
215.9155621996710
62.847116083397176
74.996799931730420
220.7251684788121
237.8305699442357
63.670715403551105
270.3567088126352
181.9580995724016
263.9380988034884
196.1385224783750
166.6469321649817
176.5161182441989
268.3607646434180
167.4955223282103
270.6268279383993
72.492482368863601
99.822041654135686
137.5628947063851
219.4982004482041
226.7510529192753
276.6645260961369
223.9343653841455
209.1494680844300
165.4675194713452
75.963807171573490
176.8045531087930
249.7266505601675
108.1903877430893
276.6738693841542
134.7488775463454
41.733919058722487
254.5096854738538
120.3145876442254
164.5481084667946
184.0478198729884
217.9971100725879
99.249181356825307
243.7630817002443
112.9477755425046
221.9698628192575
283.3807862223549
277.4578346343819
196.1688558359864
290.1965540801613
163.2462863283573
175.7906140839152
261.6619957120254
214.9539485564292
168.7507037022365
131.2870899974556
304.5886406286354
249.2181373816922
240.3883940626086
39.566147146266339
235.8076122605036
158.2180773489553
199.3299275071358
131.5963525330395
81.819802004160338
