?column?
4.99
17.97
0.94
9.96
20.92
46.96
46.92
14.93
47.93
24.99
32.99
1.95
7.00
31.96
3.95
16.98
0.97
43.99
41.98
30.00
22.98
35.00
22.97
5.95
44.94
16.94
22.92
40.92
35.94
1.98
7.95
21.92
36.97
11.95
17.98
40.94
4.95
46.95
34.92
1.95
8.98
6.97
42.93
31.96
15.92
18.98
30.96
43.99
21.00
4.93
21.00
35.93
11.95
35.97
28.94
46.97
11.00
1.98
42.93
7.99
4.93
24.96
23.95
10.94
28.97
12.97
27.97
8.94
42.95
22.95
33.98
28.97
35.93
36.97
11.96
15.93
20.99
3.92
15.98
24.95
31.00
49.93
26.93
29.97
27.96
7.99
0.96
37.93
7.97
39.95
15.96
34.99
20.00
18.96
14.93
36.94
14.93
1.98
49.94
13.99
28.92
25.94
15.97
40.95
0.92
4.93
1.99
19.96
20.00
26.98
39.98
9.93
26.99
0.99
2.96
30.00
12.00
14.98
49.00
8.95
5.94
41.93
12.97
28.94
45.92
7.00
34.95
25.93
47.98
13.96
6.94
42.92
43.96
18.98
2.97
20.92
38.97
1.96
35.99
25.98
38.99
36.92
2.99
28.94
15.00
16.97
7.93
42.95
3.96
48.96
21.00
29.00
42.94
30.98
13.00
30.00
19.00
44.99
35.00
31.96
2.95
0.93
17.93
5.92
2.00
45.96
14.95
9.94
7.98
18.93
46.96
29.96
25.99
41.93
22.92
38.99
12.92
34.93
39.94
26.99
22.94
3.92
45.00
17.98
43.92
0.94
35.96
2.98
27.95
12.95
33.96
28.97
39.95
0.97
27.98
37.97
37.94
31.94
28.99
48.95
37.92
5.98
36.93
14.92
44.92
37.97
11.95
49.99
4.92
47.92
31.94
48.98
43.99
24.93
4.94
22.00
29.99
14.92
11.92
39.00
40.93
6.97
23.98
9.95
22.00
0.97
36.99
32.95
1.95
8.98
34.99
17.96
4.96
21.96
10.98
37.93
50.00
3.00
2.96
32.98
9.97
48.96
7.97
34.92
8.98
1.00
22.97
3.98
5.99
32.96
42.99
10.94
36.94
44.98
41.95
46.98
42.96
10.94
11.97
44.98
47.93
19.98
34.97
25.00
26.93
18.99
31.95
31.95
38.93
38.92
28.94
22.96
11.96
31.97
38.93
15.00
13.92
42.94
33.99
36.95
29.99
33.95
21.92
43.00
48.98
21.94
38.98
35.97
47.95
9.98
3.97
39.93
29.93
22.96
49.92
32.00
32.99
47.97
46.92
39.00
35.94
21.94
39.96
35.98
4.96
33.98
46.00
45.00
38.92
37.99
22.95
45.99
34.93
8.94
44.97
44.92
5.93
16.00
14.93
34.94
39.95
5.93
2.99
41.93
49.98
46.95
1.00
5.99
29.92
6.97
19.95
3.00
24.96
49.93
15.98
19.94
32.00
3.95
4.93
26.98
3.92
31.93
48.98
22.98
41.93
20.99
48.97
48.99
17.93
50.00
27.99
29.96
1.94
38.99
20.96
32.00
29.00
4.94
14.96
8.97
9.96
31.00
11.92
14.93
19.97
29.94
35.99
9.99
6.93
5.98
12.98
6.98
35.96
34.95
22.93
10.94
44.99
1.98
45.98
29.95
32.93
0.93
37.98
46.98
0.97
43.00
24.98
30.98
38.94
43.98
8.94
45.95
20.99
30.97
9.93
39.99
17.00
47.99
41.93
37.95
28.97
45.96
11.93
32.93
28.95
16.95
40.97
33.93
41.00
47.94
41.99
1.94
49.95
26.98
15.98
48.97
10.92
45.99
27.99
6.97
20.99
48.94
36.99
32.98
24.95
10.97
32.98
1.99
0.93
28.93
47.96
10.00
45.93
21.93
10.99
24.00
29.96
43.94
37.92
21.98
33.95
14.00
5.00
48.93
46.94
8.96
3.97
22.99
38.93
15.98
21.00
8.97
3.00
10.93
3.96
46.98
0.95
33.97
26.99
27.98
20.92
1.94
4.93
31.97
37.99
9.98
33.95
38.93
26.93
14.97
37.97
38.97
17.00
16.93
29.99
42.96
29.92
4.99
32.94
23.99
22.96
12.99
17.94
13.95
37.98
3.97
34.94
23.95
5.94
41.00
28.99
39.99
36.92
34.93
12.96
13.98
14.98
26.99
5.94
22.99
23.95
18.94
23.95
29.93
22.98
0.93
17.92
9.94
12.98
36.92
49.94
37.96
49.92
33.94
26.98
42.94
8.92
6.94
41.99
49.95
10.97
32.98
36.94
41.99
45.92
13.93
32.95
38.97
11.96
34.96
7.93
4.98
11.99
40.96
19.92
30.00
36.95
2.96
43.00
2.97
15.99
10.94
6.00
32.93
1.92
36.94
3.96
45.92
43.00
3.98
41.92
49.97
20.92
14.98
34.96
30.93
34.99
18.97
33.98
22.94
37.93
3.98
48.95
9.96
23.93
35.00
47.95
42.00
42.92
48.95
15.93
11.98
38.99
11.96
13.95
12.99
24.93
44.00
3.97
2.99
14.94
20.95
15.94
42.96
13.95
31.93
19.98
47.96
22.96
6.92
22.94
26.96
0.97
22.97
45.97
45.95
2.96
35.97
33.97
32.99
13.96
7.98
13.00
12.96
12.00
32.99
25.94
42.98
47.98
48.97
25.92
40.00
37.96
39.98
38.00
23.00
21.94
49.92
44.92
33.96
44.92
4.98
19.95
16.98
46.00
11.96
10.95
31.92
12.97
24.96
47.98
2.95
42.00
26.94
17.96
31.96
15.94
18.93
36.92
25.98
49.96
49.96
13.94
47.96
4.92
15.99
46.95
20.92
4.98
38.00
16.92
37.93
34.98
9.95
20.97
30.94
15.93
34.94
18.99
5.99
22.92
35.99
21.94
12.99
50.00
5.00
46.00
14.92
47.95
13.99
0.99
15.93
25.97
18.96
47.92
19.99
43.95
19.92
23.92
35.96
10.99
40.95
39.00
16.00
9.99
26.93
14.97
0.96
4.98
41.98
7.95
27.94
19.96
2.96
39.92
33.98
22.94
49.92
1.93
27.97
23.96
38.96
1.96
37.96
26.94
12.96
39.99
39.96
10.95
18.97
23.94
19.00
35.97
9.98
36.98
37.94
44.99
0.94
5.96
41.93
16.93
13.98
34.97
5.95
5.00
4.92
5.99
30.92
30.96
14.96
45.98
34.96
23.92
24.94
25.98
12.95
13.93
14.98
14.98
11.96
48.93
32.00
22.96
12.99
28.99
38.95
33.93
20.93
13.98
7.94
38.95
22.97
7.92
43.94
46.92
50.00
14.92
24.97
20.92
10.99
44.97
16.96
45.95
40.99
1.93
40.94
38.92
38.97
1.94
34.93
13.94
39.93
4.97
0.98
15.00
11.94
15.00
15.98
14.94
25.96
7.94
2.97
16.95
0.99
35.94
23.93
33.97
26.95
39.97
43.99
12.99
17.96
49.92
19.98
43.95
31.93
8.97
26.93
15.96
46.94
17.00
2.93
37.93
26.96
48.98
0.95
24.99
10.92
36.93
4.94
16.97
5.97
0.96
2.97
12.97
30.00
48.99
20.99
21.99
45.95
32.92
38.97
34.96
6.96
17.92
33.96
39.92
46.95
48.97
35.97
35.99
29.93
11.92
33.96
29.99
19.00
44.00
4.97
15.98
16.99
48.96
45.92
17.00
25.99
49.00
13.00
14.95
14.94
30.94
46.92
26.00
11.98
23.95
34.97
48.92
11.97
2.99
34.94
48.97
47.93
45.93
17.95
34.98
26.00
15.98
33.00
10.92
47.95
40.00
11.94
13.93
25.95
23.96
35.94
36.97
38.00
44.00
5.97
5.95
49.96
28.92
34.00
31.93
12.92
2.92
2.92
8.99
31.96
29.95
40.96
20.99
14.92
39.98
11.99
33.96
43.99
8.99
38.94
35.94
34.99
2.93
20.95
19.00
20.93
49.98
28.96
31.98
10.97
37.92
15.98
40.99
25.97
27.97
30.94
16.98
27.92
41.94
21.95
45.93
40.99
33.98
21.92
34.98
37.98
35.97
18.98
15.98
15.00
29.95
27.98
12.96
22.94
6.96
41.93
1.99
42.97
3.92
1.00
43.94
46.99
27.93
0.99
11.98
33.95
7.92
13.94
7.93
7.95
38.93
17.98
11.92
41.94
35.97
13.96
3.98
5.00
25.97
45.98
45.96
32.96
2.94
37.98
47.95
1.94
11.93
8.98
40.99
40.00
14.98
34.95
18.92
32.99
37.00
12.00
8.00
21.92
15.98
8.98
26.93
0.99
17.99
6.99
16.97
21.98
18.97
2.95
33.00
27.97
36.98
30.95
32.93
25.96
38.98
42.94
44.93
0.93
9.97
32.92
8.92
39.93
