trim_scale
5317.56
19830.69
32163.61
18575.73
41942.75
41490.24
53531.68
61383.2
58914.9
67923.47
50796.91
73226.58
44591.29
45457.28
17198.39
24282.57
37744.96
27841.68
20380.58
51306.74
42631.96
16319.29
16371.36
2858.96
14991.03
36110.04
26510.89
33130.96
35128.27
1833.75
4342.26
77816.96
9045.42
23643.2
24169.68
26553.92
44801.2
51466.3
29671.98
41564.4
8883.85
28224.5
51265.03
56053.12
75092.4
30898.34
14557.4
59063.4
69016.68
30121.35
33362.12
58649.21
6406.6
90527.04
44821.52
65603.01
30921.45
1064.14
26875.8
86422.19
20501.58
80602.72
80953.4
44755.56
10728.06
1358.28
15978.82
61210.38
17376.5
53305
27032.18
31013.76
62700.75
41399.82
10198.98
76419.91
3834.96
76989
54418.7
12207.24
19709.25
68580.29
45547.2
23782.32
55852.8
11465.52
7535.6
78164.54
35811.2
53839.8
56727.2
30058.34
67148.8
9849.7
3804.54
1906.99
12638.88
17946.24
32577.92
18648.37
73788.52
18999.89
54474.14
55649.3
32827.86
34835.38
45476.28
25296.18
35083.62
23926.65
26446.14
37451.4
38889.72
28047.4
67960.78
22549.38
38260.2
25922.38
18124.04
57553.02
19984.14
16796.3
44739.45
10040.52
62163.94
89608.75
53351.11
3893.82
58463.86
30155.62
26363.04
64759.68
97704.04
2806.8
11736.41
93784.8
44786.84
70778.05
13036.68
58843.66
81175.36
8197.62
16990.29
58859.04
44657.91
16877.25
11814.25
18218.46
3651.5
8323.55
5877.68
35986.75
35774
62710.73
53945.76
58535.08
82634.5
20293.57
2056.96
85633.5
89230.5
9193.52
60179.08
57210.58
91330.61
1305.27
32540.97
8277.9
59007.5
13413.6
27220.8
82805.36
31531
74651.5
34117.44
69057.69
26938.37
1096.15
27260.69
26697.28
57142.1
46751.28
42442.24
46183.2
26087.4
2250.28
93547
37595.88
79672.12
52551.6
29910.4
55616.7
21583.2
41385.04
23514.82
14931.18
49319.14
22785.23
54298.56
8513.04
64893.76
9660.5
19518.85
35428.12
51298.92
34026.72
83651.85
92159.04
34173
34355.42
27265.77
72522.44
82684
64829.64
50827.04
86218.65
64418.86
25742.78
78042.36
51740.06
22114.92
8765.61
8473.4
12619.88
26063.7
27616.82
35810.1
64742.72
47351.52
10324.35
80161.9
46079.04
50267.43
35652.76
22073.76
4537.62
22826.05
28636
33957.75
59414.9
21765.84
978.03
86290.02
29857.93
34346.97
8930.52
43690.82
35432.7
16886.38
75465.6
28701.25
22308.88
46617.16
14613.43
32320.64
32430.96
73589.26
74729.7
43437.94
51293.58
14602.84
28908
43514.64
69594.3
17120.36
36049.86
42794.57
56158.2
52682.28
52825.5
70922.71
7255.36
11618.18
54735.72
72017.82
8799
82599.99
41776.8
77606.03
33657.84
6716.75
72687.42
58574.88
53651.08
27006.6
53227.8
47611.96
52128.78
39118.95
82210.41
49684.14
65149.92
3915.86
47193.05
40973.76
30942.08
17720.73
10774.14
19789.95
33029.1
31075.2
13445.68
74500.86
2252.32
40650.48
76959.63
23259.75
72729.15
71262.9
46471.5
20688.8
33267.66
50786.87
30310.4
71223.52
53590.6
60582
8218.7
44623.44
6166.1
18158.3
68514.5
66844.08
69552.23
40306.56
1907.92
19689.5
99368.57
10153.35
29629.8
37160.64
54643.7
58425.92
14288.67
1801.83
63762.23
57706
54975.52
21645.59
53752.5
84729.72
27580.96
42272.37
3955.9
48630.96
47724.72
46196.75
52017.84
80540.14
16047.44
17622
12915.32
45155.88
35945.49
95499.53
32273.28
3059.22
25176
4919.07
65412.5
82979
16058.64
81799.65
71216.46
32912.2
1333.41
6924.78
26970.88
19264.23
83603.52
47616.66
62091.33
20222.15
77078.76
72885.6
54187.65
41983.92
51168.9
34265.35
70072
21429.48
61577.56
5120.31
56634.48
53149.8
30903.62
35235.2
1578.67
4080
20651.54
43177.92
54439.68
34777.2
20501.6
17778.12
13793.13
25539.6
3697.72
9713.28
11683.36
9087.42
21959.98
50567.92
21823.75
27241.68
37243.25
50654.4
21218.01
36031.59
48123.32
5733.72
46354.35
12025.2
27194.88
40942.5
10850.9
52730.65
15656.5
82285.26
31638.24
18518.1
58181.39
85632.75
44271.09
64489.32
43860.36
38539.49
71573.04
41481.6
31513.46
4065.96
52387.33
69573.06
25083.08
8068.1
3957.92
57267.6
36679.68
8552.32
19340.4
14644.63
61669.74
52756.5
28490.4
48685.14
19602.72
61444.35
1515.55
34142.7
38193.42
52089.94
14535.04
57953.09
40103.58
47253.08
64812
73900.84
11147.1
55161.6
15585.9
8655
74169.04
8227.9
65705.2
52297.56
39728.34
2720.52
23326.32
23854.8
63703.6
1418.43
38559.6
37351.68
17057.4
47171.04
51844.3
5129.12
31870.17
55967.8
3468.51
21484.19
14915.1
9849.12
2266.12
93645.12
47312.07
30425.2
15947.54
47895.12
34110.09
6366.48
24656.94
31495.68
52589.68
39583.11
44221.19
74059.34
29491.75
44218.68
35985.84
27051.68
19943.72
15503.12
93050.02
28951.5
24566
49090.67
67071.5
46217.52
76436.1
67827.2
15585.45
72968.44
50150.88
72994.8
7712.6
53869.92
7779.4
45601.64
33128.76
46317.84
47379.77
32744.4
43561.08
55095.48
39999.22
60387.69
30632.94
42091.2
4048.11
39173.4
43002.58
33453
38406.74
29596.05
18722.56
25486.8
65438.64
44968.75
7469.49
45657.92
76302.24
43244
24451.96
13068.84
59494.32
5806.2
63444.85
94697.76
5318.31
37432.8
48466.35
53949.49
55162.22
31496.16
11316.62
9633.18
11792.13
46967.2
55435.2
70335.53
73829.44
26513.48
31640.88
21607.8
22394.1
73752.3
29470.59
18468
84299.16
50802
5669.4
51004.91
68501.16
90341
70870.8
24449.58
16631.03
21427.34
61967.81
49688
56023.94
21161.2
25208.48
29445.06
8353.03
25072.3
61058
63778.26
15700.85
57025.2
95102.63
22234.5
17808.1
24334.2
60263.2
29439.41
83690.55
58062.58
30281
39297.44
69571.16
52195.94
49747.95
55963.44
14894.6
60071.4
43958.96
21652.05
11375.7
11506.44
51462.4
47997.36
91821.59
92993.67
93208.8
2284.36
21432.58
60517.2
41324
49726.08
27887.2
25688.46
11783.52
39877.16
40564.59
60132.15
25762.65
34652.58
17969.76
84638.07
46406.74
85698.14
995.09
71214.64
34630.92
16970.07
18497.8
36336.6
44355.78
3323.48
39251.7
55296.87
34192.8
1564.48
28886.61
23007.96
65479.32
42204.8
50370.4
17900.73
55061.28
8828.4
21152.4
45815.55
19384.05
37814.25
25510.35
46689.72
82936.92
34548.24
66644.4
64746.36
29628.83
67091.56
78801.6
17538.24
79581.18
58776.64
41726.16
51978.94
39286.5
16888.08
59404.38
31216.59
44295.5
54662.84
86560.32
35036.93
78002.32
58712.5
10030.2
71064.38
7166.9
28196.54
3657.87
24679.69
42498.34
30350.43
51004.14
71359.44
75901.5
55059.48
10763.36
45277.76
46861.92
54484.92
3010.92
14245.32
52051.74
84213.36
88736.5
53540.52
67029.2
32985.25
53531.2
55050.73
34422.3
17330.56
82351.85
55068.97
56394
11117.07
6907.44
38236.17
50827.14
55855.96
51792.02
55583.44
72831.2
8793.61
61909
46022.48
17567.37
20425.95
48997.05
74018.91
81394.72
28828.62
21789.36
24198.14
4182.93
59293.24
36402.52
15051.96
38972.85
51042.6
2360.24
55848.69
32336.4
41535.69
32745.35
47569.81
57592.48
41533.8
10440.71
39312.35
10209.29
64638
57817.28
54831.25
33783.75
90221.85
40402.95
12684.48
65050.48
55425.22
35939.54
24504.22
10590.2
28278.25
47607.6
93550.08
19050.48
1190.2
18386.73
56289.04
19229.55
53890.11
41922.56
55113.3
18769.53
59848.2
54367.18
52054.72
63523.02
47543.52
48766.2
31001.67
7039.56
89365.22
11801.34
39059.2
56018.9
20469.36
37447.48
53264.47
18609.5
50438.16
76618.85
62716.36
70231.98
54572
12843.1
1035.13
23146.86
9276.89
28031.9
67315.68
15326.19
49097.1
74732.06
39143.61
44064.95
46344.54
84677.72
26257.14
58439.64
12775.59
50446.31
30894.21
39762.3
60377.2
70918
83493.48
53482.72
50131.72
46918.59
43605.87
37275.72
27608.28
65734.02
7232.2
57777.72
32979.66
52800.5
60302.4
11117.52
33372.4
47089.92
63132.12
12817.64
57561.6
30351.78
88833.36
43827.16
28415.26
23819.64
47663.12
25562.6
40299.27
93535.61
39967.56
49338.6
41440.5
46247.88
47001.88
52647.12
53653.12
54843.84
29917.02
26769.12
34614.38
9423.6
1589.5
32893.64
25750.95
11669.46
7523.6
63698.16
20599.9
48628.36
57543.75
43856.86
43216.74
69197.52
75078.4
26624.26
25686.36
35112.38
35421.88
101748.5
19026
9078.75
43833.4
33295.64
10198.08
39575.91
23857.26
36821.18
28650.09
61227.88
57947.35
29586.6
23017.65
25810.8
15582.8
54479.95
21537.45
76665.44
32428.25
37332
76550.76
26704.12
16566.8
25826.7
58084.68
36071.28
56636.13
33084.35
12548.96
69894.88
48948
74076
42836.31
84368.2
15267.48
54274.77
80685.44
8919.3
4300.44
21800.85
31030.5
31995.1
76742.53
21395.25
17947.38
63039.36
64048.07
54195.2
3703.8
21284.52
60344.91
57342.25
65137.6
39559.26
23373.63
61717.59
1184.27
3409.46
83074.71
35656.56
34620.08
63740.24
29728.98
39480
57795.55
43348.2
69686.37
12219.44
34011
9614.3
27740.48
22815.38
2816.7
3841.88
30753.25
31376.88
70231.6
40399.8
23175.25
6254.56
36665.4
18933.88
11649.11
73067.28
22666.1
44844.54
54852.5
21273.23
47410.24
17226
48722.96
23968.3
61717.89
45083.52
3615.74
7311.95
4345.59
29389.6
71784.84
14157.52
31590.54
64136.65
5966.4
8408.76
76849.65
22148.88
11044.86
28146.6
43180.16
28377.54
21877.1
11928.12
34226.79
36296.91
60782.91
21083.91
1387.46
42044.37
15393.51
21300.72
47882.29
14509.68
23814.96
56264.95
59302.4
3329.14
19733.12
33109.25
