trunc
6931
1848
966
3622
1921
8069
7139
1878
1701
3417
203
8139
11854
8213
4236
1326
6945
1327
11689
7000
689
2382
9746
3004
6600
2452
3207
2176
4284
7889
3826
6651
14228
3706
5374
5498
3558
4365
4470
6527
6811
1619
6069
11557
209
11124
3914
4251
2720
8841
13141
9782
10037
6978
3539
2715
5424
2774
3617
5748
4494
10233
4957
1606
3899
12740
4852
12657
11016
11853
9685
3525
6687
4315
10238
7150
10223
1539
7083
5169
3299
7856
3747
10198
8970
4038
8879
3170
11005
8707
6950
3961
489
5509
10587
3969
952
8041
3926
6186
5620
6326
1382
10113
6680
2331
4252
4276
1042
2676
1566
2883
12553
3227
242
7787
8613
5252
5034
3199
3154
5709
14043
3179
8539
10284
5231
11808
170
8578
12766
7127
11723
10301
4524
2230
4879
1011
4370
6457
793
629
4998
9338
5087
5455
1751
9060
4832
5150
3632
1133
3073
10512
7780
6944
7908
5789
5245
2990
1719
1977
2046
5019
8693
614
1545
2419
2502
4863
1099
8803
2091
7145
2312
7809
4374
9994
2884
9897
7027
1694
11168
9038
4278
7459
1089
1008
8807
5670
8341
1565
6422
9111
2193
3721
1855
7030
2955
6308
4254
12438
2755
8390
6692
8301
444
4799
666
6147
5153
7343
2192
4798
6222
10228
4121
2965
3042
12423
5089
2214
9522
8003
9684
5760
5249
2373
3781
459
2452
2926
6645
1397
3068
1197
10467
5765
4499
3245
3917
4045
8695
8198
9446
9155
3953
2825
5193
9575
7185
2501
3206
2934
3366
11699
8662
265
3892
4181
7357
5945
4298
1021
6086
8416
2813
810
7438
3665
10476
2494
5590
10117
10858
5889
5539
7418
13857
7728
806
4580
3022
6732
8173
2326
4247
5692
5223
3040
2276
9709
11382
5509
1897
761
2658
1714
3552
9861
7688
2040
545
12025
8376
13863
1281
10570
9069
6844
3159
5379
1098
3251
9267
11085
8459
9437
5432
5316
5084
7887
4984
6421
1893
6792
1051
10972
6205
669
9070
4760
6671
7020
4596
877
4604
2327
708
14714
8390
1646
5099
5933
5268
10981
11136
1853
392
6713
5755
1097
128
8584
1130
8718
10948
7019
5531
3802
5389
2050
2109
1198
8159
3855
3137
2734
150
1805
8271
7502
5756
8896
5618
7195
4115
3714
2140
5731
9795
6671
3409
11696
2074
635
10253
2468
2024
5255
4197
8756
1701
7248
8623
9106
4810
7533
2849
4684
11008
5086
8609
2883
8027
6867
9422
10365
4999
4347
4454
2667
5699
7201
1857
5365
2267
8545
9917
3937
7288
10626
5037
3679
5841
6933
1409
6838
4827
3175
6035
7217
4828
170
10345
1166
2896
9381
9189
2722
5984
10061
7166
3063
6730
2596
179
1489
5390
6083
11646
2662
3862
668
5509
3485
2571
3367
5517
5046
6960
12959
1875
1506
6111
6282
6930
8932
1248
5829
1102
12393
8763
11504
1400
6936
4363
4255
11348
12904
3041
11214
1510
1337
4703
537
4757
672
11192
6441
5305
1469
6559
688
1898
2259
9739
1200
1643
6895
6229
8700
6549
7837
4007
6120
7767
6680
2494
1330
1972
1268
2051
4448
8713
1135
2938
10213
12169
4319
1141
5474
7177
11741
12082
8718
6676
8866
3630
940
6411
240
5022
3661
6539
2539
7616
5722
8356
5246
7091
7509
4665
155
4640
5007
9168
5562
2087
12430
3703
2966
6926
4258
6690
2074
1881
11053
8951
3303
7629
12155
3273
8951
5610
9925
6281
3997
6417
8165
2289
3495
6912
6480
6634
1371
4173
10570
8688
9174
3645
5417
4315
8095
6298
2057
9541
4587
7124
4929
467
4755
2863
3441
11672
5361
1800
5422
1169
4827
10412
4744
5965
1202
1234
8427
1765
2555
5573
4743
727
7538
7867
5822
187
5357
5819
8553
7370
5398
2436
1293
2095
7350
9224
7617
11776
8406
5108
1014
5779
3480
5492
3993
1258
8854
6609
3543
5813
2362
5960
166
5653
3413
9094
6320
6060
3048
8115
9069
8216
2512
6256
4863
3024
2769
2359
7749
1821
152
4147
3573
3788
5705
6854
11696
2452
9495
326
9466
6619
1994
8434
483
9834
416
9506
3671
3926
3393
7320
7518
5931
7038
6095
419
6278
7883
4458
12061
6698
275
8221
1159
9670
2750
905
3531
6685
5204
7035
5960
6513
7144
4982
4576
2874
7168
5204
12009
6553
6971
7819
6314
10124
5736
3536
13271
8096
7595
3333
1453
1266
7891
497
3053
8415
3836
6297
4477
7227
6513
6455
8289
217
283
11904
1901
7311
1330
4209
4615
9429
4890
4760
4482
902
2619
2925
1675
4632
1127
10960
7303
1343
1673
7352
9300
5295
8225
3598
7460
7006
4380
3826
3991
11525
5883
8672
3709
6833
3004
1018
6544
2681
6383
10377
8466
670
10856
513
6064
3352
1585
10083
482
1077
10395
10259
5160
10011
1361
8175
4565
3129
4831
5683
6031
3305
10818
9420
1133
10433
5465
2534
9669
2464
1012
5191
1664
13575
875
4837
1690
6597
5308
13193
1718
7662
5008
1712
10161
1200
631
8426
7609
2883
6477
11818
160
7260
5090
4900
6787
8474
5351
9540
6837
4955
5621
5183
4745
8948
6775
3312
7322
7986
1504
12741
6104
4629
962
5137
5802
6777
1852
2335
6450
1911
2671
2308
10791
8347
4126
8250
2443
13684
8440
11255
10302
244
10539
1747
643
8703
6887
1204
241
3902
4880
10828
5578
7775
1061
3248
2405
7052
7417
12175
8072
10971
5571
4437
5478
7091
10584
6398
380
7258
6748
8696
7564
5335
12036
3668
2603
6855
7829
7003
4392
1422
243
4193
8982
4852
1958
3963
3545
7758
7473
7609
3740
10515
4898
10583
1821
6641
8259
9585
481
7339
11118
8231
5268
4986
10270
11710
2924
5399
5129
10405
1621
12969
12083
3316
10529
6301
3218
8313
10676
6252
5053
8159
1122
7086
5219
4025
5110
6530
10668
5267
8768
13670
7258
7599
3858
8300
8579
8082
5391
2522
4565
5205
2779
541
5360
1975
534
6890
7328
3500
12231
1427
169
5911
1230
4816
6512
1943
12235
1106
2097
1900
8498
5485
5854
1746
6113
5565
10061
