trunc
8545.11
3509.76
1718.72
4606.94
7281.39
5169.49
8134.01
2357.35
4378.91
9430.36
6627.09
11231.37
5641.07
3592.47
1621.61
5521.34
4847.06
3740.62
12225.12
482.17
7017.54
11956.75
9787.24
5897.00
2353.83
9178.57
5557.68
2713.99
1082.05
8307.36
2243.71
5996.24
5353.20
6626.14
6654.72
6476.04
12928.51
5628.02
4433.79
7323.25
906.60
1546.70
2979.08
12399.94
7049.94
7126.56
5219.42
4118.21
10199.83
773.46
6214.40
9717.00
1933.86
203.62
11408.43
9450.84
7449.95
765.80
3060.70
8387.10
5838.64
4522.38
2445.89
11208.75
7203.20
2347.89
5337.60
573.11
12595.47
2647.19
4752.52
5613.19
2586.57
1301.96
815.17
3453.49
8282.82
1739.91
10952.99
4016.15
3217.62
3993.60
3624.36
1657.61
7125.12
3451.47
9908.99
4604.85
2018.12
2533.37
5304.09
7104.08
1960.02
4480.64
12493.94
2141.71
2731.84
4627.51
7683.31
3374.59
2054.12
4485.63
5787.52
12683.92
6058.89
9243.42
9059.38
689.31
2411.58
6259.93
7644.49
6206.06
8900.46
7472.96
12778.73
3503.31
4611.41
11425.80
3559.78
2895.93
3896.60
7563.60
4324.87
1532.36
7839.92
7029.37
8183.46
2891.31
11849.32
7887.79
3078.36
2441.44
9662.50
11332.46
1747.63
9279.45
6521.88
6393.94
5814.38
2868.50
10773.22
4744.19
8867.76
8485.05
6018.13
3425.03
1289.30
11827.80
6809.62
8179.94
2368.27
1959.56
9281.75
5487.85
2036.22
7621.72
4660.66
4972.80
6027.36
5072.70
5805.55
1996.35
6213.74
8085.37
1486.86
6097.79
10760.71
4990.94
4557.53
9539.44
7506.31
497.18
10719.69
5529.40
4291.11
13298.28
6505.32
7223.36
6548.77
5007.15
7512.62
8196.02
7986.14
1095.44
12089.88
11579.79
4308.03
4725.99
5083.39
9718.66
7868.60
2146.68
278.56
7102.44
1192.69
3755.05
2377.14
3483.28
5405.69
7491.80
6254.74
7078.90
3957.64
6839.14
9570.34
670.90
3907.10
5809.92
1043.10
11691.14
3793.44
5845.65
4169.27
5576.00
7981.59
905.50
3541.65
5216.59
844.25
1126.20
1381.29
3602.80
7673.87
417.82
5795.01
13967.86
10976.30
1477.41
4074.90
5861.79
9628.76
8162.57
7932.03
710.00
2888.92
2703.14
2082.08
2319.37
1144.06
6562.40
2082.27
9889.88
8242.33
8320.43
8003.97
3732.80
3981.86
1713.36
5249.16
6131.65
4677.99
1052.02
5103.25
6881.10
3996.21
14342.35
3521.44
177.74
4947.02
6149.84
9960.12
5298.42
371.49
7513.70
4499.20
577.14
1212.57
701.82
7066.45
2363.70
5994.24
8918.78
7930.19
1286.93
699.65
3101.04
1075.35
1597.63
4709.57
7663.58
6506.00
1619.87
8085.00
7700.44
9135.41
5473.74
2955.81
2635.09
1608.75
10500.62
7828.15
7511.74
9509.98
5326.34
6763.71
1122.24
4317.48
11578.05
1123.09
9035.10
2413.18
513.93
8078.15
298.71
8009.91
4345.12
3763.74
8342.22
3878.12
4261.51
4266.65
8957.52
2714.28
1641.70
10705.56
8319.15
7857.25
643.53
7199.24
153.43
2252.27
5200.32
1851.90
10536.58
6846.09
4616.69
1288.41
7243.16
9441.25
11801.61
4209.71
9333.92
1849.76
3784.61
13103.23
10205.36
3757.02
11603.30
5933.76
10353.84
6239.62
6467.70
391.71
8005.16
7010.22
1507.14
8261.44
2717.96
13320.58
7674.81
7837.99
11580.06
3722.12
5699.61
5847.63
5506.28
4005.91
5190.71
4776.50
8695.09
4531.95
6800.45
4980.47
8337.14
1830.88
9819.85
2374.02
3210.68
727.60
2985.15
6719.04
6180.89
649.17
6454.55
9232.04
673.24
181.47
7281.82
11051.60
8552.29
1996.13
1966.36
635.30
11180.64
8010.72
9069.48
781.61
2928.87
2795.33
2206.78
4279.05
3682.56
7465.16
12181.78
8002.51
1494.38
1436.97
9073.47
2486.20
2767.00
2512.22
3889.81
5648.34
7395.11
3447.28
11300.64
6772.57
2188.00
2092.05
958.07
7333.71
7653.80
7931.90
5518.64
10141.08
499.08
8750.20
5862.38
8343.10
5671.37
2356.82
1354.28
255.67
8293.28
2838.00
9084.28
1410.47
3200.19
2453.10
5242.45
2944.62
7547.24
6104.39
8535.06
7889.85
8652.77
1474.10
1848.12
9590.34
136.85
4592.23
9596.50
6730.64
10610.45
3708.82
5783.78
1230.46
12662.09
2891.04
3159.53
7884.77
7679.60
5291.92
1338.39
5635.45
1771.74
5221.72
6760.88
12652.82
4165.10
1008.12
4676.88
1997.64
8231.49
7919.95
1057.62
2345.09
9931.00
5297.94
3532.00
2854.20
2870.91
4440.42
2428.08
3549.29
7044.17
245.80
442.72
3009.62
4320.27
11531.82
6584.50
2602.70
1128.08
2985.71
460.31
7151.76
3833.98
8831.95
5822.08
3334.13
4921.71
7256.92
10053.09
9011.66
8168.63
13856.42
2242.04
9551.70
4065.51
1066.29
1877.63
7327.50
6343.54
8190.10
7743.54
6937.32
2329.54
2306.99
11830.65
3572.37
8799.63
9067.13
9895.63
8955.00
3553.32
3829.84
2149.25
6485.40
10943.62
1425.94
453.00
3550.67
4335.81
4928.16
2839.34
3200.84
5072.89
6610.20
4954.95
7392.76
4441.47
4905.24
5366.39
3521.12
5852.08
3271.28
9682.67
443.29
11941.65
3477.72
9168.12
3376.09
11091.06
9242.10
4925.88
6473.58
7522.70
1079.00
10311.95
6188.29
3766.65
7748.62
11784.83
7563.34
3418.97
9820.52
6798.88
804.82
741.45
10981.68
498.75
285.28
3215.50
7452.94
4621.35
1264.13
8557.37
9751.62
1467.74
8717.10
4440.22
1320.45
3140.20
13827.78
958.87
7933.32
2257.34
10930.53
4638.08
2926.84
7774.17
1099.08
1974.60
492.48
3022.60
8335.05
9676.60
781.96
7003.28
11236.52
11243.69
2721.65
1567.32
9401.14
5328.18
3163.02
7470.96
6433.42
5781.80
4306.51
6538.72
2505.51
157.01
3867.77
9845.00
4729.43
226.92
1761.61
5875.36
7617.60
2786.62
8017.85
11976.54
9148.54
3322.31
208.49
1965.27
1809.89
3472.41
4346.30
9544.60
10993.54
223.35
2041.86
5874.24
4925.11
6734.71
2831.98
3866.01
7624.22
1698.87
6046.86
4030.65
7406.89
4841.16
288.29
443.56
7625.64
2683.83
6765.08
3855.42
356.36
4363.48
1622.62
2034.61
2030.72
7141.70
8776.91
2785.96
7671.40
5213.95
1823.21
8756.28
5592.44
2984.16
6657.64
11426.33
7888.87
1217.30
10536.34
5368.74
6937.87
2165.49
4667.28
9211.52
1625.94
10474.86
6233.01
5051.12
4450.27
835.13
2395.69
3959.87
8689.25
775.10
5403.91
7902.17
5927.36
4164.27
8989.09
3589.70
3269.82
10289.25
6611.44
4497.47
11369.56
8568.88
6658.69
1054.20
2476.70
3165.07
9656.50
6986.07
3495.56
9683.58
13184.80
1553.49
746.49
3657.39
10100.04
6441.82
931.73
5983.15
3796.38
7554.53
8518.85
4582.35
7726.54
6379.62
1225.22
2027.20
5798.32
2449.65
9777.18
4306.99
6740.72
4382.24
4391.92
7270.07
2460.82
6929.07
3773.67
6618.21
1642.32
7190.22
8888.80
1186.41
1822.81
3944.00
2250.91
997.06
6137.12
4887.94
724.55
4808.01
9456.92
6871.85
9425.52
678.41
6856.71
13212.57
7837.09
6333.07
2745.44
4875.94
5262.30
5199.37
634.37
7548.21
6162.00
3595.11
1711.63
1106.33
7535.57
6174.88
879.42
2189.62
3673.49
1521.46
8694.05
5952.35
9427.37
1441.49
6202.90
6906.36
10650.75
8575.88
4124.54
11835.27
4390.76
10505.37
3013.44
12128.43
2229.66
2076.27
2134.44
4910.30
3142.74
7122.00
2546.81
7211.51
773.95
7335.98
9154.98
6954.60
9105.39
11775.42
5607.63
3469.75
6777.90
12359.30
12181.58
7830.25
11762.87
6120.56
3042.41
9645.95
4473.88
7200.47
6105.17
8179.66
6986.28
11859.55
1698.73
6589.09
10982.81
10038.92
9644.85
6770.82
1382.76
6949.09
13179.47
1302.04
7657.62
163.01
8608.43
837.91
13255.64
13234.66
14048.72
9820.34
3442.30
5632.64
1867.42
10552.80
7057.41
9281.28
3861.25
3621.46
3852.87
12979.68
6807.69
4991.00
7638.22
9557.80
4065.77
5066.58
6096.70
4904.64
8882.94
1066.50
4272.36
1951.99
10762.62
2622.10
4311.53
6904.78
3891.66
1342.72
6456.93
4609.47
2357.25
6091.61
3792.28
10656.01
3734.97
5511.74
7357.20
2330.20
2682.72
986.76
619.47
1435.44
2062.66
11386.27
5384.57
7181.54
1550.05
4499.18
4737.00
1804.37
1821.21
3160.47
271.71
6926.91
7401.47
8294.35
751.59
6960.04
2908.38
4050.23
1942.63
10531.04
7555.48
5805.80
11908.80
4006.14
11548.22
7926.25
10433.25
8865.64
4999.37
10617.52
7154.02
11602.54
5026.39
10280.10
8931.02
9355.95
7723.10
195.06
3547.10
5574.48
11614.49
4179.93
2921.02
4977.28
3125.30
7102.40
2644.73
8217.01
8079.28
3883.05
3265.55
3428.92
1410.51
7775.48
2099.12
442.41
1904.74
6505.40
9538.81
3921.17
14090.58
5453.26
5555.25
11461.17
4492.27
1832.76
7538.88
1658.70
1526.42
3336.23
6462.12
9830.38
6496.76
6079.27
8995.82
2795.43
4932.70
4012.36
2519.78
3513.26
1483.69
197.63
4012.57
3857.16
13470.85
985.20
7046.11
2702.51
722.48
8918.48
10127.68
3824.86
6369.66
1590.66
10627.31
4275.99
9004.85
5005.08
3242.98
2674.69
1661.01
3352.65
5143.16
9070.66
282.28
1157.78
3964.23
3537.36
1992.33
5117.75
474.18
12802.80
6317.06
2406.78
1594.71
8506.67
6922.18
731.00
5978.19
3704.25
9917.95
3702.45
6905.05
1104.60
9762.23
1018.21
2871.98
4511.95
650.34
2259.41
1009.56
2113.80
4221.41
7509.15
1126.07
12241.32
