?column?
-28.00
-22.00
-6.00
-23.00
-28.00
-25.00
-8.00
-32.00
-3.00
-12.00
-11.00
-45.00
-14.00
-44.00
-7.00
-6.00
-40.00
-33.00
-13.00
-39.00
-18.00
-3.00
-24.00
-29.00
-22.00
-44.00
-25.00
-38.00
-17.00
-21.00
-45.00
-25.00
-36.00
-29.00
-9.00
-18.00
-34.00
-16.00
-24.00
-41.00
-38.00
-44.00
-4.00
-40.00
-42.00
-20.00
-21.00
-21.00
-15.00
-4.00
-14.00
-23.00
-35.00
-17.00
-36.00
-22.00
-21.00
-47.00
-35.00
-40.00
-19.00
-39.00
-46.00
-2.00
-48.00
-39.00
-42.00
-32.00
-27.00
-19.00
-34.00
-45.00
-49.00
-37.00
-41.00
-8.00
-45.00
-4.00
-38.00
-19.00
-29.00
-7.00
-20.00
-46.00
-18.00
-36.00
-4.00
-24.00
-11.00
-40.00
-41.00
-19.00
-44.00
-30.00
-41.00
-35.00
-2.00
-4.00
-50.00
-11.00
-30.00
-38.00
-29.00
-50.00
-24.00
-4.00
-33.00
-13.00
-5.00
-14.00
-24.00
-34.00
-46.00
-38.00
-47.00
-15.00
-16.00
-42.00
-40.00
-1.00
-21.00
-28.00
-16.00
-25.00
-43.00
-33.00
-48.00
-29.00
-39.00
-2.00
-19.00
-11.00
-31.00
-34.00
-13.00
-41.00
-23.00
-47.00
-33.00
-21.00
-11.00
-25.00
-41.00
-2.00
-30.00
-5.00
-32.00
-13.00
-15.00
-28.00
-39.00
-46.00
-48.00
-43.00
-39.00
-10.00
-2.00
-43.00
-41.00
-17.00
-25.00
-28.00
-8.00
-34.00
-49.00
-38.00
-16.00
-36.00
-39.00
-18.00
-13.00
-43.00
-46.00
-49.00
-37.00
-17.00
-2.00
-11.00
-5.00
-9.00
-50.00
-45.00
-32.00
-42.00
-45.00
-19.00
-15.00
-36.00
-14.00
-11.00
-26.00
-27.00
-30.00
-28.00
-45.00
-16.00
-34.00
-8.00
-5.00
-19.00
-15.00
-8.00
-20.00
-15.00
-39.00
-41.00
-25.00
-12.00
-35.00
-50.00
-23.00
-36.00
-1.00
-46.00
-25.00
-30.00
-49.00
-8.00
-11.00
-17.00
-24.00
-20.00
-48.00
-47.00
-10.00
-15.00
-47.00
-38.00
-6.00
-12.00
-8.00
-35.00
-44.00
-43.00
-6.00
-13.00
-7.00
-23.00
-34.00
-3.00
-16.00
-10.00
-34.00
-24.00
-45.00
-5.00
-33.00
-21.00
-32.00
-17.00
-39.00
-36.00
-33.00
-9.00
-49.00
-8.00
-38.00
-22.00
-3.00
-43.00
-24.00
-8.00
-3.00
-26.00
-21.00
-6.00
-41.00
-20.00
-18.00
-23.00
-3.00
-34.00
-45.00
-35.00
-49.00
-22.00
-41.00
-10.00
-24.00
-1.00
-10.00
-50.00
-6.00
-14.00
-16.00
-30.00
-36.00
-49.00
-24.00
-14.00
-5.00
-21.00
-21.00
-22.00
-38.00
-14.00
-16.00
-17.00
-35.00
-8.00
-15.00
-18.00
-21.00
-24.00
-39.00
-4.00
-26.00
-39.00
-16.00
-5.00
-11.00
-6.00
-2.00
-30.00
-42.00
-2.00
-26.00
-45.00
-18.00
-36.00
-36.00
-1.00
-25.00
-45.00
-1.00
-18.00
-18.00
-16.00
-47.00
-34.00
-33.00
-21.00
-47.00
-14.00
-35.00
-10.00
-7.00
-46.00
-20.00
-26.00
-33.00
-5.00
-27.00
-32.00
-13.00
-10.00
-40.00
-45.00
-40.00
-7.00
-50.00
-33.00
-24.00
-13.00
-17.00
-38.00
-30.00
-11.00
-25.00
-14.00
-33.00
-38.00
-43.00
-20.00
-45.00
-2.00
-21.00
-16.00
-46.00
-40.00
-36.00
-29.00
-35.00
-7.00
-11.00
-24.00
-23.00
-17.00
-15.00
-42.00
-45.00
-30.00
-9.00
-10.00
-47.00
-33.00
-44.00
-18.00
-5.00
-1.00
-13.00
-47.00
-5.00
-37.00
-38.00
-44.00
-18.00
-17.00
-19.00
-49.00
-24.00
-23.00
-30.00
-50.00
-25.00
-49.00
-7.00
-25.00
-37.00
-16.00
-28.00
-30.00
-30.00
-11.00
-25.00
-12.00
-21.00
-7.00
-16.00
-11.00
-28.00
-34.00
-20.00
-45.00
-36.00
-42.00
-44.00
-41.00
-41.00
-22.00
-37.00
-31.00
-28.00
-17.00
-3.00
-47.00
-49.00
-23.00
-47.00
-37.00
-7.00
-39.00
-31.00
-45.00
-49.00
-36.00
-1.00
-38.00
-27.00
-37.00
-38.00
-15.00
-8.00
-21.00
-8.00
-25.00
-12.00
-2.00
-13.00
-49.00
-35.00
-32.00
-44.00
-19.00
-40.00
-25.00
-24.00
-15.00
-6.00
-32.00
-19.00
-18.00
-39.00
-15.00
-34.00
-10.00
-45.00
-2.00
-24.00
-17.00
-3.00
-3.00
-43.00
-19.00
-10.00
-25.00
-49.00
-2.00
-48.00
-43.00
-17.00
-43.00
-23.00
-17.00
-28.00
-43.00
-16.00
-16.00
-5.00
-32.00
-14.00
-42.00
-44.00
-33.00
-32.00
-17.00
-1.00
-2.00
-50.00
-26.00
-18.00
-42.00
-29.00
-10.00
-36.00
-34.00
-43.00
-8.00
-50.00
-32.00
-18.00
-11.00
-19.00
-30.00
-7.00
-13.00
-44.00
-28.00
-20.00
-19.00
-15.00
-25.00
-10.00
-7.00
-30.00
-37.00
-13.00
-6.00
-17.00
-37.00
-46.00
-24.00
-9.00
-35.00
-24.00
-36.00
-31.00
-31.00
-7.00
-46.00
-41.00
-36.00
-25.00
-25.00
-33.00
-8.00
-22.00
-48.00
-12.00
-46.00
-19.00
-18.00
-19.00
-38.00
-21.00
-15.00
-38.00
-18.00
-38.00
-15.00
-9.00
-25.00
-49.00
-17.00
-10.00
-8.00
-1.00
-43.00
-42.00
-34.00
-49.00
-21.00
-21.00
-39.00
-35.00
-37.00
-30.00
-19.00
-14.00
-25.00
-42.00
-45.00
-26.00
-44.00
-17.00
-7.00
-36.00
-9.00
-41.00
-48.00
-48.00
-3.00
-27.00
-30.00
-37.00
-20.00
-3.00
-41.00
-16.00
-38.00
-45.00
-24.00
-24.00
-31.00
-22.00
-13.00
-48.00
-48.00
-35.00
-23.00
-3.00
-25.00
-38.00
-31.00
-42.00
-22.00
-1.00
-43.00
-27.00
-23.00
-15.00
-16.00
-1.00
-21.00
-15.00
-23.00
-29.00
-2.00
-20.00
-19.00
-42.00
-24.00
-39.00
-27.00
-35.00
-3.00
-29.00
-15.00
-21.00
-46.00
-35.00
-31.00
-28.00
-5.00
-28.00
-41.00
-40.00
-44.00
-50.00
-20.00
-34.00
-33.00
-45.00
-30.00
-30.00
-28.00
-17.00
-42.00
-11.00
-30.00
-50.00
-24.00
-20.00
-21.00
-29.00
-20.00
-2.00
-41.00
-7.00
-11.00
-39.00
-10.00
-33.00
-14.00
-32.00
-15.00
-1.00
-13.00
-29.00
-44.00
-5.00
-2.00
-50.00
-7.00
-31.00
-33.00
-26.00
-23.00
-9.00
-36.00
-24.00
-4.00
-3.00
-24.00
-31.00
-7.00
-46.00
-27.00
-49.00
-28.00
-23.00
-49.00
-39.00
-25.00
-49.00
-37.00
-20.00
-17.00
-35.00
-30.00
-30.00
-4.00
-29.00
-30.00
-50.00
-17.00
-39.00
-20.00
-29.00
-36.00
-43.00
-38.00
-10.00
-39.00
-13.00
-47.00
-44.00
-1.00
-31.00
-41.00
-2.00
-3.00
-28.00
-7.00
-34.00
-32.00
-26.00
-38.00
-50.00
-15.00
-19.00
-33.00
-40.00
-8.00
-5.00
-26.00
-5.00
-30.00
-45.00
-12.00
-13.00
-5.00
-41.00
-41.00
-29.00
-3.00
-38.00
-40.00
-6.00
-30.00
-34.00
-34.00
-30.00
-21.00
-38.00
-31.00
-37.00
-1.00
-41.00
-45.00
-4.00
-47.00
-40.00
-30.00
-27.00
-12.00
-36.00
-18.00
-11.00
-22.00
-45.00
-15.00
-15.00
-49.00
-40.00
-2.00
-37.00
-21.00
-35.00
-48.00
-18.00
-46.00
-42.00
-8.00
-4.00
-27.00
-40.00
-17.00
-38.00
-17.00
-4.00
-18.00
-29.00
-32.00
-8.00
-14.00
-24.00
-31.00
-14.00
-50.00
-35.00
-7.00
-42.00
-39.00
-22.00
-22.00
-47.00
-8.00
-18.00
-15.00
-37.00
-37.00
-4.00
-5.00
-48.00
-32.00
-31.00
-39.00
-33.00
-4.00
-7.00
-18.00
-30.00
-3.00
-29.00
-46.00
-38.00
-2.00
-36.00
-35.00
-29.00
-44.00
-4.00
-23.00
-8.00
-19.00
-3.00
-35.00
-31.00
-7.00
-18.00
-33.00
-1.00
-39.00
-45.00
-20.00
-19.00
-48.00
-31.00
-26.00
-28.00
-40.00
-39.00
-41.00
-4.00
-48.00
-17.00
-43.00
-42.00
-30.00
-37.00
-11.00
-6.00
-32.00
-31.00
-8.00
-28.00
-30.00
-19.00
-37.00
-28.00
-37.00
-42.00
-40.00
-32.00
-40.00
-26.00
-17.00
-20.00
-17.00
-28.00
-35.00
-25.00
-10.00
-24.00
-47.00
-24.00
-43.00
-14.00
-50.00
-25.00
-19.00
-24.00
-20.00
-37.00
-50.00
-21.00
-13.00
-8.00
-4.00
-41.00
-10.00
-26.00
-29.00
-10.00
-33.00
-40.00
-11.00
-6.00
-38.00
-45.00
-37.00
-13.00
-33.00
-23.00
-15.00
-48.00
-19.00
-25.00
-14.00
-2.00
-37.00
-27.00
-43.00
-48.00
-22.00
-4.00
-4.00
-34.00
-35.00
-24.00
-37.00
-27.00
-27.00
-50.00
-36.00
-23.00
-6.00
-37.00
-45.00
-1.00
-5.00
-10.00
-23.00
-42.00
-12.00
-37.00
-19.00
-31.00
-39.00
-7.00
-32.00
-40.00
-48.00
-38.00
-34.00
-34.00
-17.00
-16.00
-5.00
-29.00
-45.00
-22.00
-34.00
-7.00
-49.00
-26.00
-46.00
-27.00
-35.00
-35.00
-4.00
-5.00
-10.00
-41.00
-1.00
-38.00
-12.00
-13.00
-43.00
