to_hex
1
1
1
1
1
1
2
3
3
3
3
3
3
4
5
5
5
6
7
7
7
7
7
7
7
20
20
20
20
20
20
21
21
21
21
22
22
22
23
23
23
23
23
23
24
25
25
25
26
27
27
27
27
27
27
40
41
41
41
42
42
43
43
43
43
43
43
44
44
44
44
44
44
44
45
45
45
45
45
45
46
46
46
46
46
46
47
47
47
47
47
47
60
60
61
61
61
62
62
62
62
63
63
63
63
64
64
64
64
64
65
65
65
66
66
66
66
67
67
67
67
80
81
81
81
81
81
81
81
82
82
82
82
82
83
83
83
84
84
84
84
85
85
85
85
86
86
86
86
86
86
87
87
87
87
87
87
a0
a0
a0
a1
a2
a3
a3
a3
a3
a3
a3
a4
a4
a4
a4
a4
a4
a4
a5
a5
a5
a5
a5
a6
a6
a6
a6
a7
a7
c0
c0
c0
c0
c0
c0
c1
c1
c1
c2
c2
c2
c2
c2
c2
c2
c3
c3
c3
c3
c4
c4
c5
c5
c5
c5
c5
c5
c6
c6
c6
c6
c6
c7
c7
e0
e0
e0
e0
e0
e0
e1
e1
e1
e1
e1
e1
e1
e2
e2
e2
e2
e2
e2
e2
e3
e3
e4
e5
e5
e5
e5
e5
e5
e6
e6
e6
e6
e6
e6
e7
e7
e7
e7
100
100
100
101
102
102
102
102
102
102
103
103
103
103
103
104
104
104
104
104
105
105
105
105
105
105
106
106
106
107
107
107
120
120
120
120
120
121
121
121
121
121
122
122
122
122
123
123
123
124
124
125
125
125
126
127
127
127
127
140
140
141
141
142
142
142
142
142
142
142
143
143
143
144
145
145
145
146
146
146
146
146
146
146
147
147
160
161
161
161
161
161
161
162
162
162
162
162
162
162
163
163
164
164
164
164
164
165
165
165
166
166
166
166
166
166
166
167
167
167
167
167
167
180
180
180
180
180
181
181
182
182
182
183
183
183
183
183
184
184
184
185
186
186
186
186
186
186
186
187
1a0
1a0
1a0
1a1
1a1
1a1
1a1
1a2
1a2
1a2
1a3
1a3
1a3
1a3
1a3
1a4
1a4
1a4
1a4
1a4
1a4
1a4
1a5
1a6
1a6
1a6
1a6
1a7
1c0
1c0
1c0
1c0
1c0
1c1
1c1
1c1
1c1
1c2
1c2
1c2
1c2
1c2
1c2
1c3
1c3
1c3
1c3
1c4
1c5
1c5
1c5
1c5
1c5
1c5
1c6
1c7
1c7
1c7
1c7
1e0
1e1
1e1
1e1
1e1
1e1
1e2
1e2
1e2
1e2
1e2
1e2
1e3
1e3
1e3
1e4
1e4
1e4
1e4
1e4
1e4
1e5
1e5
1e5
1e6
1e6
1e6
1e6
1e6
1e6
1e7
1e7
200
200
200
200
200
200
200
201
201
202
202
202
202
203
203
203
203
203
203
204
205
205
205
205
205
206
206
206
206
206
206
206
207
207
207
207
207
207
220
221
221
222
223
223
223
224
224
224
224
224
224
225
225
225
225
225
226
227
227
227
240
240
240
240
241
241
242
242
243
243
243
243
243
243
244
244
244
245
245
245
245
246
246
246
246
247
247
247
247
247
260
260
261
262
262
262
262
262
262
262
263
263
263
264
264
264
264
264
264
265
265
265
265
266
266
266
266
266
266
267
280
280
280
280
281
281
281
281
281
282
283
283
283
283
283
284
284
284
284
284
284
284
285
285
285
285
285
285
285
286
286
286
286
286
286
287
287
287
2a0
2a0
2a0
2a1
2a2
2a2
2a3
2a3
2a3
2a3
2a3
2a4
2a4
2a4
2a4
2a4
2a4
2a4
2a5
2a5
2a5
2a5
2a5
2a6
2a6
2a6
2a6
2a6
2a6
2a7
2c0
2c0
2c1
2c1
2c2
2c3
2c3
2c4
2c4
2c4
2c4
2c4
2c4
2c5
2c5
2c5
2c5
2c6
2c6
2c6
2c6
2c6
2c6
2c6
2c7
2c7
2c7
2c7
2e0
2e0
2e0
2e0
2e0
2e1
2e2
2e2
2e2
2e2
2e2
2e3
2e3
2e3
2e3
2e3
2e4
2e4
2e4
2e5
2e5
2e6
2e6
2e6
2e6
2e6
2e6
2e7
300
300
300
300
300
300
300
301
301
302
302
303
303
303
303
303
303
304
304
304
304
304
305
305
305
305
305
305
306
306
306
306
306
306
307
307
307
320
320
320
321
321
321
321
321
321
321
322
322
322
322
322
323
323
324
324
324
324
325
325
325
325
326
326
326
327
327
327
327
327
327
327
340
340
341
341
341
342
342
343
343
344
344
344
345
345
346
346
346
346
347
347
360
360
360
361
361
361
361
362
363
364
364
364
364
364
364
365
365
366
366
367
367
367
367
367
367
367
380
380
380
380
380
380
380
381
381
381
381
382
382
382
382
383
383
383
383
383
383
383
384
384
384
385
385
385
385
386
386
386
387
387
387
387
387
387
3a0
3a0
3a0
3a0
3a0
3a0
3a0
3a1
3a1
3a1
3a1
3a2
3a2
3a2
3a2
3a2
3a2
3a2
3a3
3a3
3a3
3a3
3a4
3a5
3a5
3a5
3a6
3a7
3a7
3a7
3a7
3a7
3a7
3c0
3c0
3c0
3c1
3c1
3c1
3c1
3c1
3c1
3c2
3c2
3c2
3c2
3c2
3c2
3c3
3c3
3c4
3c4
3c4
3c4
3c5
3c5
3c6
3c6
3c6
3c6
3c7
3c7
3c7
3c7
3c7
3c7
3c7
3e0
3e0
3e0
3e0
3e0
3e0
3e1
3e1
3e1
3e1
3e1
3e1
3e1
3e2
3e2
3e2
3e2
3e3
3e3
3e3
3e3
3e3
3e4
3e5
3e5
3e6
3e6
3e6
3e6
3e6
3e7
3e7
